0	NULL	NULL	NULL	1
1	120	600	1	23034
1	125	125	1	2
1	200	200	1	30105
1	240	400	1	1
1	250	250	1	44946
2	700	90	0	283627
2	760	90	4	6755
5	320	60	1	169
5	360	100	1	1068
5	667	375	1	180
9	120	240	1	6
9	160	600	1	27054
9	300	100	1	208
10	300	100	2	1228228
38	200	66	NULL	67
38	248	82	NULL	1
38	249	83	NULL	2
38	296	98	NULL	9
38	297	99	NULL	20
38	344	114	NULL	77
38	345	115	NULL	9
38	392	130	NULL	63
38	393	131	NULL	6898
38	440	146	NULL	4
38	441	147	NULL	5
38	488	162	NULL	1
38	489	163	NULL	5
38	536	178	NULL	848
38	537	179	NULL	9
38	584	194	NULL	95
38	585	195	NULL	4
38	632	210	NULL	2
38	633	211	NULL	4
38	680	226	NULL	5
38	681	227	NULL	1
38	728	242	NULL	42
38	729	243	NULL	1
38	777	259	NULL	2
38	824	274	NULL	10
38	825	275	NULL	2
38	872	290	NULL	3
38	921	307	NULL	1
38	968	322	NULL	1
38	969	323	NULL	1
38	1016	338	NULL	4
38	1017	339	NULL	1
38	1064	354	NULL	2
38	1065	355	NULL	2
38	1112	370	NULL	3
38	1113	371	NULL	2
38	1160	386	NULL	5
38	1208	402	NULL	3
38	1256	418	NULL	1
38	1257	419	NULL	1
38	1304	434	NULL	15
38	1305	435	NULL	1
38	1400	466	NULL	2
38	1641	547	NULL	1
38	1785	595	NULL	1
38	8264	2754	NULL	1
64	NULL	NULL	NULL	1
1	120	600	2	110137
1	125	125	2	2
1	200	200	2	79494
1	240	400	2	5
1	250	250	2	206233
2	300	300	3	76125
2	320	285	0	207849
5	375	50	1	7964
8	640	90	3	7400
9	120	270	0	1264329
9	160	600	2	95480
9	300	100	2	6
9	580	90	0	637788
31	NULL	NULL	NULL	10238214
37	640	90	NULL	91663
37	960	90	NULL	45515
38	10	3	NULL	1
38	250	83	NULL	7
38	298	99	NULL	3
38	346	115	NULL	34
38	394	131	NULL	10
38	442	147	NULL	24
38	490	163	NULL	2
38	538	179	NULL	4
38	586	195	NULL	3
38	634	211	NULL	2
38	682	227	NULL	2
38	730	243	NULL	3
38	778	259	NULL	2
38	826	275	NULL	1
38	922	307	NULL	1
38	970	323	NULL	2
38	1018	339	NULL	3
38	1066	355	NULL	2
38	1210	403	NULL	35
38	1258	419	NULL	1
38	1306	435	NULL	2
38	1402	467	NULL	2
38	1450	483	NULL	1
38	1498	499	NULL	1
38	1882	627	NULL	1
63	NULL	NULL	NULL	1
1	700	90	1	1
2	640	60	0	435596
2	960	60	0	146209
5	320	250	1	60
5	568	50	1	84
9	120	270	1	1441833
9	580	90	1	1018404
38	203	67	NULL	1
38	251	83	NULL	1
38	252	84	NULL	1
38	299	99	NULL	2
38	300	100	NULL	301
38	347	115	NULL	30
38	348	116	NULL	4
38	395	131	NULL	5
38	396	132	NULL	10
38	443	147	NULL	6
38	444	148	NULL	3
38	491	163	NULL	2
38	492	164	NULL	4
38	539	179	NULL	10
38	540	180	NULL	144
38	587	195	NULL	5
38	588	196	NULL	3
38	635	211	NULL	4
38	636	212	NULL	9
38	683	227	NULL	1
38	684	228	NULL	4
38	731	243	NULL	1
38	732	244	NULL	52
38	779	259	NULL	2
38	780	260	NULL	7
38	828	276	NULL	110
38	876	292	NULL	3
38	924	308	NULL	1
38	972	324	NULL	1
38	1019	339	NULL	3
38	1020	340	NULL	34
38	1067	355	NULL	2
38	1068	356	NULL	2
38	1115	371	NULL	2
38	1116	372	NULL	2
38	1164	388	NULL	2
38	1211	403	NULL	3
38	1212	404	NULL	2
38	1260	420	NULL	5
38	1355	451	NULL	1
38	1356	452	NULL	5
38	1403	467	NULL	2
38	1451	483	NULL	2
38	1499	499	NULL	1
38	1500	500	NULL	4
1	700	90	2	3
8	240	200	3	1463
9	120	270	2	66766
9	580	90	2	18718
33	400	300	NULL	38
37	120	240	NULL	80
37	160	600	NULL	261
37	300	100	NULL	41384
38	205	68	NULL	1
38	253	84	NULL	1
38	301	100	NULL	3
38	349	116	NULL	5
38	397	132	NULL	6
38	445	148	NULL	1
38	493	164	NULL	1
38	541	180	NULL	8
38	589	196	NULL	5
38	637	212	NULL	1
38	685	228	NULL	2
38	733	244	NULL	1
38	781	260	NULL	3
38	925	308	NULL	1
38	1021	340	NULL	17
38	1069	356	NULL	1
38	1165	388	NULL	1
38	1213	404	NULL	2
38	1309	436	NULL	4
38	1405	468	NULL	2
1	640	60	1	1133
1	960	60	1	1
2	200	200	6	20984
2	640	90	0	7129656
2	960	90	0	344466
5	300	100	1	33
9	500	200	1	27
38	254	84	NULL	2
38	255	85	NULL	2
38	302	100	NULL	12
38	303	101	NULL	51
38	350	116	NULL	33
38	351	117	NULL	3
38	398	132	NULL	5
38	399	133	NULL	1
38	446	148	NULL	29
38	447	149	NULL	5
38	494	164	NULL	119
38	495	165	NULL	4
38	542	180	NULL	5
38	543	181	NULL	4
38	590	196	NULL	2
38	591	197	NULL	3
38	638	212	NULL	6
38	639	213	NULL	2
38	686	228	NULL	7
38	687	229	NULL	1
38	734	244	NULL	2
38	735	245	NULL	1
38	782	260	NULL	1
38	783	261	NULL	2
38	831	277	NULL	2
38	878	292	NULL	1
38	879	293	NULL	3
38	926	308	NULL	1
38	927	309	NULL	2
38	974	324	NULL	2
38	1022	340	NULL	7
38	1023	341	NULL	5
38	1070	356	NULL	8
38	1119	373	NULL	25
38	1166	388	NULL	3
38	1167	389	NULL	2
38	1214	404	NULL	1
38	1215	405	NULL	1
38	1263	421	NULL	1
38	1310	436	NULL	3
38	1311	437	NULL	1
38	1358	452	NULL	3
38	1359	453	NULL	2
38	1455	485	NULL	2
38	1551	517	NULL	2
38	1647	549	NULL	1
38	1743	581	NULL	1
1	640	60	2	659
1	640	90	0	2
1	670	90	2	7
1	960	90	0	1204
2	186	275	0	49580
2	225	90	0	36850
5	365	100	1	1
9	1000	90	0	2264
37	580	90	NULL	29439
38	256	85	NULL	23
38	304	101	NULL	10
38	352	117	NULL	5
38	400	133	NULL	192
38	448	149	NULL	4
38	496	165	NULL	9
38	544	181	NULL	3
38	592	197	NULL	7
38	640	213	NULL	4269
38	688	229	NULL	11
38	736	245	NULL	656
38	784	261	NULL	1
38	832	277	NULL	1
38	880	293	NULL	1
38	976	325	NULL	1
38	1024	341	NULL	645
38	1072	357	NULL	1
38	1120	373	NULL	14
38	1168	389	NULL	1
38	1216	405	NULL	1
38	1264	421	NULL	21
38	1360	453	NULL	15
38	1552	517	NULL	2
38	1600	533	NULL	110
38	2560	853	NULL	2
38	8608	2869	NULL	3
1	640	90	1	358
1	768	90	1	37
1	800	90	1	1
1	960	90	1	26913
2	120	240	0	20356
2	160	600	0	119371
2	300	100	0	228569
2	640	120	0	40174
9	1000	90	1	17096
38	17	5	NULL	1
38	162	54	NULL	1
38	209	69	NULL	1
38	257	85	NULL	2
38	258	86	NULL	10
38	305	101	NULL	3
38	306	102	NULL	3
38	353	117	NULL	20
38	354	118	NULL	58
38	401	133	NULL	11
38	402	134	NULL	114
38	449	149	NULL	2
38	450	150	NULL	155
38	497	165	NULL	7
38	498	166	NULL	8
38	545	181	NULL	2
38	546	182	NULL	2
38	594	198	NULL	21
38	641	213	NULL	25
38	642	214	NULL	4
38	690	230	NULL	7
38	738	246	NULL	1
38	785	261	NULL	5
38	786	262	NULL	11
38	833	277	NULL	1
38	834	278	NULL	1
38	881	293	NULL	1
38	977	325	NULL	1
38	978	326	NULL	2
38	1025	341	NULL	1
38	1026	342	NULL	3
38	1073	357	NULL	5
38	1074	358	NULL	1
38	1122	374	NULL	2
38	1170	390	NULL	9
38	1217	405	NULL	18
38	1218	406	NULL	1
38	1265	421	NULL	2
38	1266	422	NULL	2
38	1314	438	NULL	1
38	1362	454	NULL	10
38	1409	469	NULL	2
38	1410	470	NULL	1
38	1554	518	NULL	2
38	1601	533	NULL	2
54	640	100	NULL	1853
58	640	480	NULL	435
1	160	600	0	1018
1	300	100	0	83
1	350	280	2	2
1	640	90	2	4740
1	768	90	2	6
1	960	90	2	38886
9	460	60	0	2600
9	1000	90	2	259
38	259	86	NULL	1
38	307	102	NULL	2
38	355	118	NULL	7
38	403	134	NULL	7
38	451	150	NULL	10
38	499	166	NULL	2
38	547	182	NULL	3
38	595	198	NULL	3
38	643	214	NULL	7
38	691	230	NULL	2
38	739	246	NULL	2
38	787	262	NULL	1
38	835	278	NULL	1
38	883	294	NULL	2
38	931	310	NULL	9
38	979	326	NULL	3
38	1075	358	NULL	3
38	1123	374	NULL	1
38	1171	390	NULL	3
38	1219	406	NULL	4
38	1315	438	NULL	8
38	1363	454	NULL	4
57	NULL	NULL	NULL	1
1	120	240	1	2181
1	160	600	1	15798
1	300	100	1	171
2	120	270	0	2319
2	300	100	2	171
2	348	82	0	5
2	580	90	0	137374
5	414	50	1	6187
9	460	60	1	68960
21	640	100	1	2611679
24	NULL	NULL	NULL	296303
38	260	86	NULL	21
38	261	87	NULL	1
38	308	102	NULL	7
38	309	103	NULL	7
38	356	118	NULL	22
38	357	119	NULL	11
38	404	134	NULL	5
38	405	135	NULL	59
38	452	150	NULL	24
38	453	151	NULL	6
38	500	166	NULL	770
38	501	167	NULL	11
38	548	182	NULL	1
38	549	183	NULL	6
38	596	198	NULL	7
38	597	199	NULL	2
38	644	214	NULL	6
38	645	215	NULL	7
38	692	230	NULL	3
38	693	231	NULL	6
38	740	246	NULL	1
38	741	247	NULL	16
38	789	263	NULL	1
38	836	278	NULL	3
38	837	279	NULL	4
38	885	295	NULL	1
38	932	310	NULL	1
38	980	326	NULL	3457
38	981	327	NULL	154
38	1028	342	NULL	39
38	1124	374	NULL	342
38	1125	375	NULL	15
38	1172	390	NULL	3
38	1220	406	NULL	8
38	1268	422	NULL	2
38	1269	423	NULL	1
38	1317	439	NULL	1
38	1364	454	NULL	9
38	1365	455	NULL	1
38	1701	567	NULL	1
38	2133	711	NULL	1
1	120	240	2	6273
1	160	600	2	69475
1	300	100	2	1569
2	256	213	0	13539
2	300	100	3	54
9	300	250	0	25754571
9	460	60	2	19
10	300	250	1	758254
37	1000	90	NULL	9403
38	118	39	NULL	1
38	166	55	NULL	2
38	214	71	NULL	1
38	262	87	NULL	2
38	310	103	NULL	42
38	358	119	NULL	5
38	406	135	NULL	17
38	454	151	NULL	4
38	502	167	NULL	45
38	550	183	NULL	4
38	598	199	NULL	184
38	646	215	NULL	6
38	694	231	NULL	2
38	742	247	NULL	2
38	790	263	NULL	4
38	886	295	NULL	1
38	934	311	NULL	1
38	982	327	NULL	60
38	1030	343	NULL	107
38	1078	359	NULL	1
38	1126	375	NULL	14
38	1174	391	NULL	1
38	1222	407	NULL	2
38	1270	423	NULL	4
38	1318	439	NULL	4
38	1366	455	NULL	727
38	1462	487	NULL	1
38	1846	615	NULL	3
1	580	90	1	25
2	500	200	0	41995
2	640	180	0	520997
5	320	50	1	251878
8	300	250	0	34476
9	300	250	1	1495014
38	120	40	NULL	1
38	216	72	NULL	2
38	263	87	NULL	8
38	311	103	NULL	6
38	312	104	NULL	4
38	359	119	NULL	6
38	360	120	NULL	121298
38	407	135	NULL	3
38	408	136	NULL	13
38	455	151	NULL	2
38	456	152	NULL	2
38	503	167	NULL	4
38	504	168	NULL	69
38	552	184	NULL	1
38	600	200	NULL	296
38	647	215	NULL	1
38	648	216	NULL	3
38	695	231	NULL	1
38	696	232	NULL	2
38	743	247	NULL	2
38	839	279	NULL	3
38	888	296	NULL	2
38	983	327	NULL	15
38	984	328	NULL	14
38	1031	343	NULL	4
38	1032	344	NULL	5
38	1079	359	NULL	1
38	1080	360	NULL	151
38	1128	376	NULL	2
38	1175	391	NULL	1
38	1224	408	NULL	1
38	1272	424	NULL	1
38	1319	439	NULL	6
38	1320	440	NULL	1
38	1367	455	NULL	13
38	1368	456	NULL	22
38	1415	471	NULL	1
38	1416	472	NULL	2
38	1463	487	NULL	3
38	1464	488	NULL	1
38	1559	519	NULL	12
38	1607	535	NULL	1
38	8952	2984	NULL	1
54	NULL	NULL	NULL	1
1	580	90	2	84
9	300	250	2	3099078
38	265	88	NULL	12
38	313	104	NULL	6
38	361	120	NULL	124
38	409	136	NULL	3
38	457	152	NULL	3
38	505	168	NULL	30
38	553	184	NULL	9
38	601	200	NULL	130
38	649	216	NULL	3
38	697	232	NULL	1
38	745	248	NULL	2
38	841	280	NULL	1
38	889	296	NULL	4
38	985	328	NULL	16
38	1129	376	NULL	3
38	1177	392	NULL	2
38	1225	408	NULL	3
38	1417	472	NULL	1
38	1465	488	NULL	1
2	200	250	0	2
2	1000	90	0	407693
5	320	80	1	2
20	NULL	NULL	NULL	1
38	218	72	NULL	2
38	267	89	NULL	3
38	314	104	NULL	2
38	315	105	NULL	2
38	362	120	NULL	12
38	363	121	NULL	16
38	410	136	NULL	2
38	411	137	NULL	514
38	458	152	NULL	6
38	459	153	NULL	2
38	506	168	NULL	9
38	507	169	NULL	178
38	554	184	NULL	4
38	555	185	NULL	1
38	602	200	NULL	93
38	603	201	NULL	3
38	650	216	NULL	2
38	651	217	NULL	2
38	698	232	NULL	18
38	699	233	NULL	90
38	746	248	NULL	2
38	747	249	NULL	4
38	794	264	NULL	2
38	890	296	NULL	5
38	939	313	NULL	3
38	986	328	NULL	6
38	987	329	NULL	5
38	1034	344	NULL	8
38	1035	345	NULL	2
38	1082	360	NULL	1
38	1083	361	NULL	3
38	1130	376	NULL	5
38	1178	392	NULL	1
38	1179	393	NULL	3
38	1226	408	NULL	4
38	1274	424	NULL	3
38	1275	425	NULL	7
38	1323	441	NULL	1
38	1370	456	NULL	7
38	1371	457	NULL	1
38	1419	473	NULL	1
38	1467	489	NULL	1
38	1515	505	NULL	1
38	1563	521	NULL	1
38	1610	536	NULL	1
38	1706	568	NULL	5
38	1707	569	NULL	3
38	1803	601	NULL	1
1	234	60	0	22
1	320	50	0	259
1	500	200	2	3
8	300	250	3	44128
37	300	250	NULL	1276469
38	220	73	NULL	3
38	268	89	NULL	8
38	316	105	NULL	7
38	364	121	NULL	4
38	412	137	NULL	3830
38	460	153	NULL	4
38	508	169	NULL	2
38	556	185	NULL	4
38	604	201	NULL	23
38	652	217	NULL	3
38	700	233	NULL	14
38	748	249	NULL	522
38	796	265	NULL	3
38	892	297	NULL	2
38	940	313	NULL	2
38	988	329	NULL	53
38	1036	345	NULL	4
38	1084	361	NULL	5
38	1180	393	NULL	14
38	1228	409	NULL	1
38	1276	425	NULL	9
38	1324	441	NULL	4
38	1420	473	NULL	1
38	1612	537	NULL	2
38	1852	617	NULL	1
1	234	60	1	7179
1	320	50	1	2759
1	1000	90	1	12925
2	650	90	0	22939
5	300	250	1	1799
34	460	60	NULL	1
37	495	60	NULL	1
38	125	41	NULL	2
38	221	73	NULL	3
38	222	74	NULL	2
38	269	89	NULL	1
38	270	90	NULL	24
38	317	105	NULL	4
38	318	106	NULL	21
38	365	121	NULL	3
38	366	122	NULL	18
38	413	137	NULL	5
38	414	138	NULL	78712
38	461	153	NULL	6
38	462	154	NULL	2
38	509	169	NULL	3
38	510	170	NULL	1
38	557	185	NULL	6
38	558	186	NULL	2
38	605	201	NULL	1
38	606	202	NULL	1
38	653	217	NULL	1
38	654	218	NULL	1
38	702	234	NULL	1
38	749	249	NULL	75
38	750	250	NULL	2652
38	797	265	NULL	2
38	845	281	NULL	1
38	846	282	NULL	2
38	942	314	NULL	2
38	989	329	NULL	9
38	990	330	NULL	189
38	1038	346	NULL	2
38	1085	361	NULL	3
38	1086	362	NULL	1
38	1134	378	NULL	2
38	1182	394	NULL	4
38	1230	410	NULL	1
38	1277	425	NULL	2
38	1278	426	NULL	8
38	1325	441	NULL	89
38	1326	442	NULL	1
38	1374	458	NULL	1
38	1421	473	NULL	1
38	1422	474	NULL	3
38	1469	489	NULL	1
38	1470	490	NULL	1
38	1517	505	NULL	3
38	1518	506	NULL	5
1	234	60	2	10713
1	320	50	2	26806
1	680	90	2	95
1	970	90	0	8576
1	970	250	0	64
1	1000	90	2	6646
5	375	100	1	27
9	336	280	0	1303753
9	468	60	0	384665
9	640	360	0	366431
38	127	42	NULL	1
38	223	74	NULL	2
38	271	90	NULL	2
38	319	106	NULL	5
38	367	122	NULL	5
38	415	138	NULL	10
38	463	154	NULL	1
38	511	170	NULL	5
38	559	186	NULL	1
38	607	202	NULL	2
38	655	218	NULL	10
38	703	234	NULL	1
38	751	250	NULL	115
38	799	266	NULL	2
38	895	298	NULL	1
38	991	330	NULL	18
38	1039	346	NULL	3
38	1087	362	NULL	1
38	1135	378	NULL	5
38	1231	410	NULL	1
38	1279	426	NULL	2
38	1375	458	NULL	1
38	1807	602	NULL	1
38	1951	650	NULL	1
38	1999	666	NULL	2
38	2147483647	715827882	NULL	1
1	746	90	1	5495
1	970	90	1	138475
1	970	250	1	176
2	250	200	0	143436
2	300	250	0	32671232
9	336	280	1	312428
9	468	60	1	434562
16	640	480	NULL	201
21	600	500	1	31400
38	-111	-37	NULL	7
38	80	26	NULL	1
38	224	74	NULL	1
38	225	75	NULL	1
38	272	90	NULL	5
38	273	91	NULL	2
38	320	106	NULL	108505
38	321	107	NULL	40
38	368	122	NULL	8
38	369	123	NULL	11
38	416	138	NULL	21
38	417	139	NULL	7
38	464	154	NULL	1
38	465	155	NULL	5
38	512	170	NULL	5
38	513	171	NULL	3
38	560	186	NULL	1
38	561	187	NULL	5
38	608	202	NULL	9
38	609	203	NULL	1
38	656	218	NULL	1
38	657	219	NULL	2
38	704	234	NULL	24
38	752	250	NULL	1
38	753	251	NULL	13
38	800	266	NULL	72
38	801	267	NULL	4
38	848	282	NULL	2
38	849	283	NULL	1
38	944	314	NULL	4
38	945	315	NULL	2
38	992	330	NULL	25
38	993	331	NULL	12
38	1040	346	NULL	13
38	1041	347	NULL	3
38	1088	362	NULL	2
38	1089	363	NULL	3
38	1136	378	NULL	21
38	1137	379	NULL	1
38	1184	394	NULL	3
38	1232	410	NULL	1
38	1233	411	NULL	2
38	1280	426	NULL	264
38	1328	442	NULL	1
38	1329	443	NULL	1
38	1376	458	NULL	3
38	1424	474	NULL	1
38	1425	475	NULL	1
38	1472	490	NULL	1
38	1520	506	NULL	1
38	1569	523	NULL	1
38	1617	539	NULL	3
38	2048	682	NULL	2
1	300	250	0	210884
1	360	280	2	7
1	620	60	2	2
1	650	90	2	1
1	746	90	2	4100
1	970	90	2	194176
1	970	250	2	2974
2	300	250	1	2374216
9	336	280	2	650199
9	468	60	2	122406
10	300	50	1	1358747
38	178	59	NULL	1
38	226	75	NULL	1
38	274	91	NULL	5
38	322	107	NULL	15
38	370	123	NULL	51
38	418	139	NULL	13
38	466	155	NULL	4
38	514	171	NULL	9
38	562	187	NULL	8
38	610	203	NULL	11
38	658	219	NULL	1
38	706	235	NULL	3
38	802	267	NULL	2
38	850	283	NULL	1
38	898	299	NULL	9
38	946	315	NULL	3
38	994	331	NULL	10
38	1042	347	NULL	8
38	1090	363	NULL	4
38	1138	379	NULL	9
38	1186	395	NULL	4
38	1234	411	NULL	7
38	1282	427	NULL	3
38	1330	443	NULL	3
38	1378	459	NULL	2
38	1666	555	NULL	1
38	1714	571	NULL	1
38	1858	619	NULL	3
1	300	250	1	434884
2	300	250	2	74083
2	300	600	0	497922
2	700	360	0	12790
5	360	50	1	1
14	NULL	NULL	NULL	1
21	768	90	1	226260
21	800	90	1	5
21	1024	90	1	144
21	1280	90	1	302
38	179	59	NULL	2
38	180	60	NULL	4
38	228	76	NULL	1
38	275	91	NULL	6
38	276	92	NULL	12
38	323	107	NULL	52
38	324	108	NULL	941
38	371	123	NULL	42
38	372	124	NULL	12
38	419	139	NULL	18
38	420	140	NULL	10
38	467	155	NULL	1
38	468	156	NULL	10
38	515	171	NULL	4
38	516	172	NULL	2
38	563	187	NULL	3
38	564	188	NULL	2
38	611	203	NULL	2
38	612	204	NULL	53
38	659	219	NULL	1
38	660	220	NULL	6
38	707	235	NULL	3
38	755	251	NULL	6
38	756	252	NULL	5
38	803	267	NULL	3
38	851	283	NULL	2
38	899	299	NULL	3
38	995	331	NULL	11
38	996	332	NULL	10
38	1043	347	NULL	2
38	1044	348	NULL	4
38	1091	363	NULL	1
38	1092	364	NULL	8
38	1139	379	NULL	11
38	1140	380	NULL	11
38	1187	395	NULL	2
38	1188	396	NULL	11
38	1235	411	NULL	2
38	1236	412	NULL	4
38	1283	427	NULL	1
38	1284	428	NULL	1
38	1331	443	NULL	2
38	1380	460	NULL	1
38	1476	492	NULL	1
38	1524	508	NULL	1
38	1619	539	NULL	1
1	300	250	2	3661154
1	300	600	0	5557
2	300	250	3	2753706
9	360	300	0	132967
37	300	180	NULL	433
37	336	280	NULL	46608
38	229	76	NULL	6
38	277	92	NULL	64
38	325	108	NULL	12
38	373	124	NULL	8
38	421	140	NULL	3
38	469	156	NULL	4
38	517	172	NULL	3
38	565	188	NULL	5
38	613	204	NULL	4
38	661	220	NULL	3
38	709	236	NULL	3
38	757	252	NULL	7
38	805	268	NULL	2
38	853	284	NULL	2
38	949	316	NULL	1
38	997	332	NULL	6
38	1045	348	NULL	4
38	1093	364	NULL	28
38	1141	380	NULL	2
38	1189	396	NULL	3
38	1237	412	NULL	2
38	1285	428	NULL	1
38	1333	444	NULL	4
38	1429	476	NULL	2
38	1477	492	NULL	3
38	1525	508	NULL	2
1	300	600	1	6866
1	720	60	1	1
2	300	250	4	734612
5	336	280	1	433
5	468	60	1	438
5	568	320	1	417
9	360	300	1	100614
20	640	90	2	1104585
21	800	120	1	2915
38	231	77	NULL	1
38	278	92	NULL	3
38	279	93	NULL	10
38	326	108	NULL	179
38	327	109	NULL	5
38	374	124	NULL	47
38	375	125	NULL	147842
38	422	140	NULL	5
38	423	141	NULL	7
38	470	156	NULL	7
38	471	157	NULL	4
38	518	172	NULL	2
38	519	173	NULL	17
38	566	188	NULL	3
38	567	189	NULL	2
38	614	204	NULL	1
38	615	205	NULL	4
38	663	221	NULL	1
38	710	236	NULL	41
38	711	237	NULL	1
38	758	252	NULL	2
38	759	253	NULL	1
38	806	268	NULL	1
38	807	269	NULL	1
38	854	284	NULL	10
38	903	301	NULL	1
38	950	316	NULL	3
38	951	317	NULL	1
38	998	332	NULL	18
38	999	333	NULL	5
38	1046	348	NULL	3
38	1094	364	NULL	2
38	1095	365	NULL	1
38	1143	381	NULL	2
38	1190	396	NULL	21
38	1191	397	NULL	1
38	1239	413	NULL	35
38	1286	428	NULL	2
38	1334	444	NULL	11
38	1335	445	NULL	11
38	1382	460	NULL	1
38	1383	461	NULL	2
38	1430	476	NULL	2
38	1670	556	NULL	2
38	1719	573	NULL	1
38	1766	588	NULL	1
38	1814	604	NULL	1
38	1910	636	NULL	1
68	640	360	NULL	433
1	300	600	2	79433
1	720	60	2	17
1	750	90	2	1
2	300	250	5	2054
8	950	90	1	457
9	360	300	2	43844
9	728	90	0	495679
9	760	90	0	210131
10	610	100	1	413863
38	88	29	NULL	4
38	280	93	NULL	9
38	328	109	NULL	16
38	376	125	NULL	100
38	424	141	NULL	25
38	472	157	NULL	3
38	520	173	NULL	2
38	568	189	NULL	874
38	616	205	NULL	4
38	664	221	NULL	3
38	712	237	NULL	3
38	760	253	NULL	3
38	856	285	NULL	3
38	904	301	NULL	2
38	952	317	NULL	2
38	1000	333	NULL	434
38	1048	349	NULL	5
38	1144	381	NULL	1
38	1192	397	NULL	5
38	1240	413	NULL	30
38	1288	429	NULL	1
38	1432	477	NULL	1
38	1816	605	NULL	1
1	1200	90	1	2684
2	300	250	6	231497
2	336	280	0	5445262
2	468	60	0	92556
5	300	50	1	2863
5	414	100	1	17
9	728	90	1	673053
9	760	90	1	402423
10	610	100	2	218794
10	640	480	NULL	613740
38	233	77	NULL	1
38	281	93	NULL	12
38	282	94	NULL	13
38	329	109	NULL	4
38	330	110	NULL	77
38	377	125	NULL	13
38	378	126	NULL	13
38	425	141	NULL	9
38	426	142	NULL	3
38	473	157	NULL	8
38	474	158	NULL	2
38	521	173	NULL	2
38	522	174	NULL	2
38	569	189	NULL	12
38	570	190	NULL	23
38	617	205	NULL	2
38	666	222	NULL	2
38	713	237	NULL	4
38	714	238	NULL	2
38	761	253	NULL	2
38	762	254	NULL	3
38	809	269	NULL	2
38	810	270	NULL	3
38	857	285	NULL	10
38	858	286	NULL	1
38	906	302	NULL	1
38	953	317	NULL	1
38	1001	333	NULL	72
38	1002	334	NULL	91
38	1049	349	NULL	2
38	1050	350	NULL	17
38	1097	365	NULL	2
38	1098	366	NULL	2
38	1145	381	NULL	2
38	1146	382	NULL	1
38	1193	397	NULL	1
38	1241	413	NULL	1317
38	1242	414	NULL	115
38	1289	429	NULL	1
38	1290	430	NULL	2
38	1338	446	NULL	1
38	1577	525	NULL	2
38	1625	541	NULL	1
38	1626	542	NULL	2
1	336	280	0	15594
1	468	60	0	115
1	1200	90	2	8423
2	336	280	1	1994
2	475	66	0	11338
9	120	600	0	56335
9	200	200	0	303667
9	250	250	0	425804
9	640	480	0	89685
9	728	90	2	8625
9	760	90	2	14225
13	400	300	NULL	640811
38	283	94	NULL	7
38	331	110	NULL	8
38	379	126	NULL	7
38	427	142	NULL	8
38	475	158	NULL	1754
38	523	174	NULL	4
38	571	190	NULL	2
38	619	206	NULL	5
38	667	222	NULL	1272
38	715	238	NULL	13
38	763	254	NULL	3
38	955	318	NULL	4
38	1003	334	NULL	26
38	1051	350	NULL	2
38	1195	398	NULL	3
38	1243	414	NULL	1
38	1339	446	NULL	1
38	1387	462	NULL	1
38	1627	542	NULL	1
1	336	280	1	167657
1	468	60	1	53725
2	180	250	0	8347
2	300	50	0	4693970
2	336	280	2	299635
2	980	90	0	2038
5	310	250	1	10
5	320	100	1	227
5	568	60	1	3
9	120	600	1	924
9	200	200	1	68073
9	250	250	1	101010
38	45	15	NULL	1
38	188	62	NULL	1
38	236	78	NULL	1
38	237	79	NULL	3
38	285	95	NULL	10
38	332	110	NULL	8
38	333	111	NULL	16
38	380	126	NULL	19
38	381	127	NULL	6
38	428	142	NULL	6
38	429	143	NULL	3
38	476	158	NULL	275
38	477	159	NULL	5
38	524	174	NULL	5
38	525	175	NULL	9
38	572	190	NULL	1
38	573	191	NULL	5
38	620	206	NULL	2
38	621	207	NULL	3
38	668	222	NULL	2
38	669	223	NULL	2
38	716	238	NULL	2
38	717	239	NULL	2
38	764	254	NULL	2
38	812	270	NULL	5
38	813	271	NULL	1
38	861	287	NULL	1
38	956	318	NULL	3
38	957	319	NULL	1
38	1004	334	NULL	22
38	1005	335	NULL	7
38	1052	350	NULL	1
38	1100	366	NULL	35
38	1101	367	NULL	1
38	1148	382	NULL	1
38	1149	383	NULL	2
38	1196	398	NULL	1
38	1244	414	NULL	2
38	1245	415	NULL	1
38	1292	430	NULL	2
38	1293	431	NULL	1
38	1341	447	NULL	2
38	1389	463	NULL	1
38	1436	478	NULL	2
38	1437	479	NULL	2
38	1532	510	NULL	1
38	1821	607	NULL	2
38	1869	623	NULL	7
38	1916	638	NULL	2
54	320	50	NULL	4574
1	300	50	0	15
1	336	280	2	262224
1	468	60	2	45438
1	690	90	2	1
1	980	90	0	20
2	336	280	3	107402
5	375	58	1	662
9	120	600	2	1224
9	200	200	2	1520388
9	250	250	2	473718
37	728	90	NULL	459517
38	-1	0	NULL	4
38	190	63	NULL	1
38	286	95	NULL	4
38	334	111	NULL	10
38	382	127	NULL	9
38	430	143	NULL	8
38	478	159	NULL	2
38	526	175	NULL	2
38	574	191	NULL	1
38	622	207	NULL	2
38	670	223	NULL	1
38	718	239	NULL	1
38	766	255	NULL	2
38	814	271	NULL	1
38	958	319	NULL	1
38	1006	335	NULL	6
38	1054	351	NULL	1
38	1102	367	NULL	1
38	1150	383	NULL	4
38	1198	399	NULL	2
38	1246	415	NULL	2
38	1438	479	NULL	13
38	1486	495	NULL	1
38	2206	735	NULL	11
1	300	50	1	10
1	660	90	1	20
1	980	90	1	7816
2	200	300	0	101767
2	300	400	0	870094
2	340	120	0	52579
2	950	90	0	6176412
5	414	736	1	909
5	728	90	1	1479
21	320	50	1	1742167
38	NULL	NULL	NULL	1
38	0	0	NULL	15554
38	192	64	NULL	1
38	239	79	NULL	1
38	240	80	NULL	5
38	287	95	NULL	1
38	288	96	NULL	2533
38	335	111	NULL	6
38	336	112	NULL	85
38	383	127	NULL	130
38	384	128	NULL	2023
38	431	143	NULL	4
38	432	144	NULL	1222
38	479	159	NULL	5
38	480	160	NULL	1191
38	527	175	NULL	5
38	528	176	NULL	2
38	576	192	NULL	17
38	623	207	NULL	1
38	624	208	NULL	9
38	671	223	NULL	5
38	672	224	NULL	5
38	719	239	NULL	2
38	720	240	NULL	125
38	767	255	NULL	1
38	768	256	NULL	394
38	815	271	NULL	2
38	816	272	NULL	1
38	863	287	NULL	1
38	864	288	NULL	1
38	911	303	NULL	2
38	912	304	NULL	3
38	959	319	NULL	1
38	960	320	NULL	42
38	1007	335	NULL	6
38	1008	336	NULL	15
38	1055	351	NULL	5
38	1056	352	NULL	5
38	1103	367	NULL	11
38	1104	368	NULL	2
38	1152	384	NULL	11
38	1199	399	NULL	2
38	1200	400	NULL	313
38	1247	415	NULL	1
38	1295	431	NULL	1
38	1296	432	NULL	1
38	1343	447	NULL	1
38	1344	448	NULL	4
38	1391	463	NULL	2
38	1392	464	NULL	1
38	1439	479	NULL	3
38	1440	480	NULL	102
38	1487	495	NULL	2
38	1488	496	NULL	2
38	1536	512	NULL	49
38	1680	560	NULL	15
38	1871	623	NULL	1
38	1872	624	NULL	1
38	1920	640	NULL	99
38	2160	720	NULL	3
38	2880	960	NULL	1
1	300	50	2	1
1	320	100	0	2
1	660	90	2	18
1	950	90	0	1623
1	980	90	2	489568
2	950	90	1	92391
5	NULL	NULL	NULL	1
9	640	60	0	635273
9	960	60	0	210809
37	200	200	NULL	22254
37	250	250	NULL	77328
38	1	0	NULL	160
38	97	32	NULL	1
38	145	48	NULL	1
38	193	64	NULL	1
38	241	80	NULL	3
38	289	96	NULL	3
38	337	112	NULL	11
38	385	128	NULL	68
38	433	144	NULL	1
38	481	160	NULL	11
38	529	176	NULL	4
38	577	192	NULL	2
38	625	208	NULL	6
38	721	240	NULL	5
38	769	256	NULL	3
38	817	272	NULL	2
38	1009	336	NULL	2
38	1105	368	NULL	1
38	1201	400	NULL	7
38	1249	416	NULL	4
38	1345	448	NULL	1
38	1393	464	NULL	4
38	1537	512	NULL	1
38	1633	544	NULL	5
38	1921	640	NULL	1
61	640	360	NULL	494065
1	310	250	1	319
1	320	100	1	1137
1	340	280	1	1
1	360	300	1	1
1	640	100	1	6
1	950	90	1	604
1	980	120	1	320
2	336	280	6	201252
2	600	90	0	38775
2	610	100	0	23217
2	728	90	0	1289445
2	760	90	0	544092
2	950	90	2	18551
5	200	200	1	1
5	320	480	1	2
5	480	320	1	8
9	640	60	1	945362
9	960	60	1	363283
38	242	80	NULL	1
38	243	81	NULL	4
38	290	96	NULL	436
38	291	97	NULL	6
38	338	112	NULL	10
38	339	113	NULL	152
38	386	128	NULL	6
38	387	129	NULL	5
38	434	144	NULL	8
38	435	145	NULL	9
38	482	160	NULL	4
38	483	161	NULL	2
38	530	176	NULL	7
38	531	177	NULL	1
38	578	192	NULL	2
38	579	193	NULL	8
38	626	208	NULL	2
38	627	209	NULL	5
38	674	224	NULL	2
38	722	240	NULL	6
38	771	257	NULL	1
38	818	272	NULL	1
38	819	273	NULL	1
38	866	288	NULL	1
38	914	304	NULL	12
38	962	320	NULL	9
38	963	321	NULL	1
38	1010	336	NULL	77
38	1011	337	NULL	2
38	1058	352	NULL	9
38	1107	369	NULL	2
38	1154	384	NULL	2
38	1202	400	NULL	9
38	1250	416	NULL	2
38	1298	432	NULL	2
38	1299	433	NULL	1
38	1346	448	NULL	5
38	1347	449	NULL	1
38	1587	529	NULL	2
38	1922	640	NULL	1
38	2259	753	NULL	1
40	400	300	NULL	9
56	612	80	0	2
1	200	300	2	1
1	310	250	2	542
1	320	100	2	2461
1	640	100	2	3
1	728	90	0	50826
1	760	90	0	1
1	950	90	2	64596
1	960	130	0	78957
1	980	120	2	3408
2	185	90	0	16488
2	728	90	1	49583
2	950	90	3	9626
3	640	480	NULL	1467
9	640	60	2	28512
9	640	90	0	845
9	960	60	2	975
9	960	90	0	2818293
21	300	250	0	3
38	4	1	NULL	1
38	100	33	NULL	2
38	196	65	NULL	1
38	244	81	NULL	1
38	340	113	NULL	40
38	388	129	NULL	14
38	436	145	NULL	5
38	484	161	NULL	3
38	532	177	NULL	2
38	580	193	NULL	1
38	628	209	NULL	3
38	676	225	NULL	7
38	724	241	NULL	1
38	820	273	NULL	1
38	868	289	NULL	2
38	916	305	NULL	1
38	964	321	NULL	3
38	1012	337	NULL	4
38	1060	353	NULL	14
38	1108	369	NULL	6
38	1156	385	NULL	2
38	1204	401	NULL	2
38	1252	417	NULL	4
38	1300	433	NULL	6
38	1348	449	NULL	1
38	1492	497	NULL	1
38	1828	609	NULL	1
38	1924	641	NULL	1
56	300	87	0	4
1	180	150	1	1
1	728	90	1	384201
1	760	90	1	2881
2	120	600	0	11447
2	200	200	0	270429
2	250	250	0	3215690
2	300	300	0	78963
2	480	160	0	11709
2	728	90	2	14048
2	760	90	2	6481
2	950	90	4	5100
5	736	414	1	256
8	640	90	0	4
9	640	90	1	43949
9	960	90	1	3356727
38	101	33	NULL	1
38	197	65	NULL	14
38	246	82	NULL	9
38	294	98	NULL	132
38	341	113	NULL	29
38	342	114	NULL	392
38	389	129	NULL	14
38	390	130	NULL	18
38	437	145	NULL	1
38	438	146	NULL	1
38	485	161	NULL	4
38	486	162	NULL	2
38	533	177	NULL	16
38	534	178	NULL	14
38	581	193	NULL	1
38	582	194	NULL	1
38	629	209	NULL	1
38	630	210	NULL	6
38	678	226	NULL	8
38	725	241	NULL	1
38	726	242	NULL	2
38	773	257	NULL	1
38	774	258	NULL	2
38	822	274	NULL	11
38	869	289	NULL	1
38	870	290	NULL	1
38	917	305	NULL	1
38	918	306	NULL	2
38	965	321	NULL	2
38	1013	337	NULL	8
38	1014	338	NULL	5
38	1061	353	NULL	2
38	1062	354	NULL	6
38	1110	370	NULL	3
38	1158	386	NULL	1
38	1205	401	NULL	5
38	1206	402	NULL	1
38	1253	417	NULL	1
38	1254	418	NULL	3
38	1301	433	NULL	18
38	1350	450	NULL	6
38	1494	498	NULL	1
38	1829	609	NULL	6
1	120	600	0	35
1	180	150	2	3
1	200	200	0	2872
1	240	400	0	66
1	250	250	0	11
1	728	90	2	781481
1	760	90	2	65454
1	960	130	2	1
2	250	250	1	802728
9	160	600	0	50898
9	300	100	0	1
9	640	90	2	936
9	960	90	2	123731
15	320	50	0	900228
21	300	250	2	1
37	640	60	NULL	1156
38	247	82	NULL	4
38	295	98	NULL	1
38	343	114	NULL	7
38	391	130	NULL	5
38	439	146	NULL	21
38	487	162	NULL	6
38	535	178	NULL	454
38	631	210	NULL	3
38	679	226	NULL	2
38	727	242	NULL	2
38	823	274	NULL	2
38	871	290	NULL	1
38	967	322	NULL	2
38	1015	338	NULL	11
38	1063	354	NULL	6
38	1111	370	NULL	2
38	1159	386	NULL	1
38	1255	418	NULL	3
38	1399	466	NULL	13
38	1447	482	NULL	1
38	1639	546	NULL	2
38	1879	626	NULL	2
