0	NULL	NULL	NULL	1
1	120	240	1	4
1	120	240	2	9
1	120	600	1	36
1	120	600	2	98
1	125	125	1	2
1	125	125	2	2
1	160	600	0	1
1	160	600	1	36
1	160	600	2	118
1	180	150	1	1
1	180	150	2	3
1	200	200	0	6
1	200	200	1	49
1	200	200	2	74
1	200	300	2	1
1	234	60	1	24
1	234	60	2	13
1	240	400	0	2
1	240	400	1	1
1	250	250	1	161
1	250	250	2	1138
1	300	100	2	1
1	300	250	0	746
1	300	250	1	1324
1	300	250	2	17354
1	300	600	0	5
1	300	600	1	39
1	300	600	2	590
1	310	250	1	6
1	310	250	2	13
1	320	50	1	1
1	320	50	2	15
1	320	100	1	3
1	320	100	2	12
1	336	280	0	4
1	336	280	1	797
1	336	280	2	684
1	340	280	1	1
1	350	280	2	2
1	360	280	2	7
1	468	60	1	51
1	468	60	2	33
1	500	200	2	2
1	580	90	1	1
1	580	90	2	1
1	620	60	2	2
1	640	60	1	2
1	640	60	2	1
1	640	90	1	1
1	640	90	2	23
1	650	90	2	1
1	660	90	1	4
1	660	90	2	1
1	670	90	2	7
1	680	90	2	4
1	690	90	2	1
1	700	90	1	1
1	700	90	2	3
1	720	60	2	1
1	728	90	0	76
1	728	90	1	1193
1	728	90	2	2501
1	746	90	1	41
1	746	90	2	10
1	750	90	2	1
1	760	90	1	25
1	760	90	2	136
1	800	90	1	1
1	950	90	0	1
1	950	90	2	144
1	960	60	1	1
1	960	90	1	71
1	960	90	2	56
1	960	130	0	50
1	970	90	0	4
1	970	90	1	233
1	970	90	2	180
1	970	250	0	1
1	970	250	2	8
1	980	90	1	27
1	980	90	2	1355
1	980	120	1	1
1	980	120	2	5
1	1000	90	1	11
1	1000	90	2	23
1	1200	90	1	11
1	1200	90	2	31
2	120	240	0	22
2	120	270	0	1
2	120	600	0	4
2	160	600	0	89
2	180	250	0	14
2	185	90	0	1
2	186	275	0	37
2	200	200	0	200
2	200	300	0	594
2	225	90	0	19
2	250	200	0	264
2	250	250	0	4738
2	250	250	1	971
2	256	213	0	10
2	300	50	0	2104
2	300	100	0	36
2	300	250	0	40288
2	300	250	1	4198
2	300	250	2	92
2	300	250	3	4410
2	300	250	4	693
2	300	250	5	5
2	300	250	6	414
2	300	300	0	27
2	300	300	3	7
2	300	400	0	1952
2	300	600	0	2631
2	320	285	0	1859
2	336	280	0	6088
2	336	280	1	16
2	336	280	2	312
2	336	280	3	195
2	336	280	6	156
2	340	120	0	143
2	468	60	0	63
2	480	160	0	23
2	500	200	0	33
2	580	90	0	150
2	600	90	0	79
2	610	100	0	13
2	640	60	0	191
2	640	90	0	4395
2	640	120	0	21
2	640	180	0	391
2	650	90	0	20
2	700	90	0	2838
2	700	360	0	10
2	728	90	0	975
2	728	90	1	24
2	728	90	2	32
2	760	90	0	759
2	760	90	2	19
2	760	90	4	31
2	950	90	0	5504
2	950	90	1	73
2	950	90	2	8
2	950	90	3	44
2	950	90	4	1
2	960	60	0	154
2	960	90	0	99
2	980	90	0	19
2	1000	90	0	623
3	640	480	NULL	2
5	NULL	NULL	NULL	1
5	300	50	1	11
5	300	250	1	19
5	320	50	1	789
5	320	100	1	3
5	320	250	1	3
5	336	280	1	14
5	375	50	1	44
5	375	58	1	5
5	375	100	1	1
5	414	50	1	18
5	414	736	1	34
5	568	50	1	2
5	568	320	1	16
5	667	375	1	12
5	728	90	1	20
5	736	414	1	10
8	240	200	3	2
8	300	250	0	49
8	300	250	3	30
8	640	90	3	12
8	950	90	1	11
9	120	270	0	2308
9	120	270	1	2018
9	120	270	2	210
9	120	600	0	121
9	120	600	2	1
9	160	600	0	206
9	160	600	1	85
9	160	600	2	705
9	200	200	0	289
9	200	200	1	111
9	200	200	2	1516
9	250	250	0	376
9	250	250	1	109
9	250	250	2	729
9	300	250	0	37027
9	300	250	1	4751
9	300	250	2	6068
9	336	280	0	1731
9	336	280	1	1227
9	336	280	2	1229
9	360	300	0	571
9	360	300	1	384
9	360	300	2	98
9	460	60	1	5
9	468	60	0	97
9	468	60	1	475
9	468	60	2	41
9	580	90	0	804
9	580	90	1	3038
9	580	90	2	13
9	640	60	0	390
9	640	60	1	1974
9	640	60	2	60
9	640	90	1	6
9	640	90	2	2
9	640	360	0	669
9	640	480	0	488
9	728	90	0	596
9	728	90	1	2077
9	728	90	2	12
9	760	90	0	109
9	760	90	1	383
9	760	90	2	8
9	960	60	0	165
9	960	60	1	596
9	960	60	2	3
9	960	90	0	1738
9	960	90	1	4734
9	960	90	2	66
10	300	50	1	482
10	300	100	2	920
10	300	250	1	3745
10	610	100	1	214
10	610	100	2	28
10	640	480	NULL	2438
13	400	300	NULL	12154
14	NULL	NULL	NULL	1
15	320	50	0	8236
16	640	480	NULL	5
20	NULL	NULL	NULL	1
20	640	90	2	780
21	320	50	1	5481
21	600	500	1	5314
21	640	100	1	8101
21	768	90	1	739
21	800	120	1	22
21	1280	90	1	2
24	NULL	NULL	NULL	6656
31	NULL	NULL	NULL	3465
37	200	200	NULL	5
37	250	250	NULL	53
37	300	100	NULL	2
37	300	250	NULL	1326
37	336	280	NULL	12
37	580	90	NULL	11
37	640	90	NULL	21
37	728	90	NULL	304
37	960	90	NULL	16
37	1000	90	NULL	16
38	NULL	NULL	NULL	1
38	0	0	NULL	9
38	222	74	NULL	1
38	240	80	NULL	1
38	247	82	NULL	1
38	256	85	NULL	1
38	265	88	NULL	1
38	270	90	NULL	1
38	277	92	NULL	1
38	280	93	NULL	1
38	288	96	NULL	15
38	290	96	NULL	1
38	294	98	NULL	2
38	296	98	NULL	1
38	298	99	NULL	1
38	300	100	NULL	2
38	303	101	NULL	2
38	310	103	NULL	1
38	316	105	NULL	1
38	320	106	NULL	2572
38	323	107	NULL	2
38	324	108	NULL	10
38	325	108	NULL	1
38	326	108	NULL	5
38	333	111	NULL	1
38	334	111	NULL	1
38	336	112	NULL	3
38	339	113	NULL	5
38	341	113	NULL	1
38	342	114	NULL	1
38	347	115	NULL	1
38	350	116	NULL	1
38	352	117	NULL	1
38	356	118	NULL	2
38	357	119	NULL	1
38	359	119	NULL	1
38	360	120	NULL	2657
38	361	120	NULL	3
38	370	123	NULL	1
38	374	124	NULL	1
38	375	125	NULL	2537
38	376	125	NULL	2
38	378	126	NULL	2
38	383	127	NULL	2
38	384	128	NULL	58
38	385	128	NULL	2
38	386	128	NULL	1
38	390	130	NULL	1
38	392	130	NULL	1
38	393	131	NULL	158
38	400	133	NULL	3
38	402	134	NULL	4
38	411	137	NULL	23
38	412	137	NULL	49
38	414	138	NULL	1006
38	415	138	NULL	2
38	416	138	NULL	3
38	418	139	NULL	1
38	419	139	NULL	1
38	427	142	NULL	1
38	432	144	NULL	15
38	439	146	NULL	1
38	442	147	NULL	2
38	446	148	NULL	1
38	450	150	NULL	31
38	452	150	NULL	1
38	458	152	NULL	1
38	475	158	NULL	24
38	476	158	NULL	4
38	479	159	NULL	1
38	480	160	NULL	44
38	481	160	NULL	1
38	489	163	NULL	1
38	494	164	NULL	5
38	500	166	NULL	20
38	502	167	NULL	1
38	504	168	NULL	1
38	505	168	NULL	3
38	506	168	NULL	4
38	507	169	NULL	16
38	514	171	NULL	1
38	533	177	NULL	3
38	534	178	NULL	3
38	535	178	NULL	22
38	536	178	NULL	22
38	539	179	NULL	1
38	540	180	NULL	3
38	547	182	NULL	1
38	549	183	NULL	1
38	553	184	NULL	2
38	556	185	NULL	1
38	568	189	NULL	68
38	569	189	NULL	2
38	570	190	NULL	4
38	579	193	NULL	1
38	584	194	NULL	1
38	587	195	NULL	1
38	594	198	NULL	1
38	597	199	NULL	1
38	598	199	NULL	21
38	600	200	NULL	3
38	601	200	NULL	1
38	602	200	NULL	1
38	604	201	NULL	3
38	608	202	NULL	1
38	610	203	NULL	1
38	612	204	NULL	1
38	624	208	NULL	1
38	625	208	NULL	1
38	626	208	NULL	1
38	630	210	NULL	1
38	631	210	NULL	2
38	640	213	NULL	176
38	641	213	NULL	1
38	644	214	NULL	1
38	667	222	NULL	102
38	693	231	NULL	1
38	699	233	NULL	5
38	704	234	NULL	1
38	715	238	NULL	1
38	720	240	NULL	5
38	732	244	NULL	6
38	736	245	NULL	56
38	743	247	NULL	1
38	748	249	NULL	2
38	749	249	NULL	3
38	750	250	NULL	49
38	751	250	NULL	3
38	756	252	NULL	1
38	768	256	NULL	15
38	820	273	NULL	1
38	828	276	NULL	1
38	836	278	NULL	1
38	848	282	NULL	1
38	849	283	NULL	1
38	866	288	NULL	1
38	916	305	NULL	1
38	962	320	NULL	1
38	980	326	NULL	56
38	981	327	NULL	5
38	982	327	NULL	1
38	983	327	NULL	1
38	986	328	NULL	1
38	990	330	NULL	6
38	992	330	NULL	2
38	993	331	NULL	1
38	998	332	NULL	2
38	1000	333	NULL	6
38	1001	333	NULL	1
38	1002	334	NULL	3
38	1005	335	NULL	1
38	1008	336	NULL	1
38	1010	336	NULL	12
38	1020	340	NULL	2
38	1024	341	NULL	22
38	1028	342	NULL	1
38	1030	343	NULL	1
38	1040	346	NULL	1
38	1050	350	NULL	1
38	1058	352	NULL	1
38	1060	353	NULL	1
38	1080	360	NULL	7
38	1100	366	NULL	1
38	1103	367	NULL	1
38	1124	374	NULL	1
38	1136	378	NULL	1
38	1172	390	NULL	1
38	1180	393	NULL	1
38	1190	396	NULL	2
38	1200	400	NULL	4
38	1208	402	NULL	1
38	1217	405	NULL	1
38	1234	411	NULL	1
38	1241	413	NULL	21
38	1242	414	NULL	1
38	1247	415	NULL	1
38	1249	416	NULL	1
38	1252	417	NULL	1
38	1274	424	NULL	1
38	1276	425	NULL	1
38	1278	426	NULL	1
38	1280	426	NULL	8
38	1292	430	NULL	1
38	1325	441	NULL	2
38	1333	444	NULL	1
38	1366	455	NULL	22
38	1368	456	NULL	1
38	1421	473	NULL	1
38	1438	479	NULL	1
38	1440	480	NULL	2
38	1450	483	NULL	1
38	1463	487	NULL	1
38	1477	492	NULL	1
38	1500	500	NULL	1
38	1536	512	NULL	2
38	1600	533	NULL	3
38	1617	539	NULL	1
38	1633	544	NULL	1
38	1895	631	NULL	1
38	1920	640	NULL	4
38	2206	735	NULL	1
54	NULL	NULL	NULL	1
54	320	50	NULL	46
54	640	100	NULL	17
57	NULL	NULL	NULL	1
58	640	480	NULL	9
61	640	360	NULL	1114
63	NULL	NULL	NULL	1
64	NULL	NULL	NULL	1
68	640	360	NULL	17
