19	31	21	52738
21	1	37	138512470
23	5	9	300455
24	70	60	1395178971
26	5	153	80217185
19	61	101	7
24	2	151	31407916
25	5	106	45509
26	5	154	37599820
26	10	-1	8
27	8	109	73
21	2	8	36128388
21	64	104	248
23	2	104	49822082
23	37	28	10
24	2	152	29832555
26	10	0	462482
27	10	48	26428645
21	2	9	3810842
23	2	105	22521419
23	4	43	5877828
24	2	153	32406292
25	41	1	87
19	61	104	10846
21	64	106	26075
23	2	106	58240
23	38	-1	88
25	8	16	508466
26	10	2	251868
21	64	107	283099
22	3	28	10641712
23	2	107	92555
23	5	14	49773
23	38	0	56292
24	2	155	270982954
19	31	27	169826
20	64	60	408442144
21	1	43	60346783
26	5	159	358121
20	64	61	196374
22	4	-1	6
23	2	109	438
25	38	98	58763
28	10	101	3238284
18	61	60	72137222
23	4	48	324567
25	8	20	4226131
25	38	99	2
26	9	37	175873575
18	61	61	3535
23	70	21	25381
25	8	21	70
29	10	151	139261
20	1	-1	1461
21	2	16	82122506
26	10	8	104187218
28	10	104	3280272
29	10	152	8652037
20	1	0	38762826
21	1	48	52357894
22	68	37	1186485
23	5	20	89201113
23	37	37	1343128
26	10	9	1103927
28	10	105	760406
29	10	153	4284969
20	1	1	16142
23	5	21	1818846
26	38	151	581
27	41	106	6
28	10	106	11500
29	15	-1	1
27	41	107	20
28	10	107	46416
29	15	0	2373956
21	2	20	13584183
22	3	37	10353
26	9	43	268307046
26	41	60	5314
21	2	21	84014940
25	38	106	47
28	10	109	9
19	31	37	332252
22	1	101	194917637
22	4	8	367182
24	4	104	1305
25	4	152	51164
25	8	28	19519
25	38	107	3024
26	10	14	59168024
24	38	60	715323
25	4	153	37257
27	12	1	352
29	10	159	1784766
29	15	4	166
23	1	151	1622230
23	5	27	1018
24	4	106	302
24	40	-1	10
25	9	-1	327
26	10	16	474515
20	1	8	78595011
22	1	104	17240138
23	1	152	51052160
23	5	28	800354
24	4	107	175873
24	40	0	996138
25	9	0	257893408
26	9	48	148880652
18	24	210	216887
20	1	9	20660263
22	3	43	63037
23	1	153	38326049
24	40	1	253
21	2	27	1221184
22	1	106	76439
22	37	-1	17011
27	9	98	11311894
29	15	8	145614977
21	68	0	36936
22	37	0	155660
23	37	48	2427129
26	10	20	66129340
29	15	9	640
26	10	21	147859
21	1	61	4492741
21	3	-1	8
22	1	109	21
26	40	101	34
27	9	101	89852090
20	1	14	33135
22	3	48	2581017
23	38	20	763731
23	70	37	5898082
25	8	37	1488
18	31	-1	10
28	9	151	61313862
18	31	0	2725593
20	1	16	5971704
23	68	101	43671
24	37	101	8725097
25	9	8	191775123
27	9	104	56236065
28	9	152	135707041
23	5	37	11198257
25	9	9	85667500
27	9	105	7400016
28	9	153	304803004
28	12	60	25020
25	37	151	593213
26	40	106	10
27	9	106	24010
28	12	61	52
20	31	98	10176343
21	68	8	16130406
22	37	8	8047793
23	68	104	595303
24	68	152	1301534
25	37	152	2920995
26	40	107	9
28	9	155	14682814
20	1	20	14194615
21	2	37	49902571
21	68	9	23049
24	37	105	583262
24	68	153	5598
25	37	153	35428687
28	14	1	145449
19	0	5	32
20	1	21	3168797
24	37	106	4102
26	40	109	4
27	9	109	29
28	14	2	1
20	31	101	1
21	3	8	30230030
23	3	104	2001
24	3	152	22927
24	37	107	652158
29	15	20	34977868
23	5	43	15106419
23	37	60	3989
24	3	153	4169
29	15	21	29562813
18	31	8	317075793
22	70	-1	222
23	3	106	24545
24	8	-1	1
25	9	16	124376990
18	31	9	60754
20	31	104	16019361
21	31	152	60837425
22	4	28	97
22	37	14	923276
23	3	107	5295982
24	8	0	6223
25	8	48	826996
21	2	43	130298450
21	31	153	38942235
22	3	60	7710821
22	70	1	1
20	1	27	5118
20	31	106	34208
21	2	44	420439598
22	37	16	2787813
20	1	28	154880635
21	3	14	12536530
22	5	0	3420167
24	40	20	361162
25	9	20	358625418
26	10	37	4698016
19	31	61	5316024
22	5	1	23711120
24	3	159	125
25	9	21	135620415
20	2	-1	68
24	70	101	1
26	8	101	6972503
18	64	1	1019778
20	2	0	280343814
21	2	48	103298498
21	68	20	2
22	37	20	5538293
23	38	37	162
24	5	99	2
29	14	60	103337790
21	68	21	4660
22	37	21	731789
29	14	61	3227749
20	64	98	242443
22	70	8	48064189
24	5	101	1536615
24	8	8	565116
24	70	104	2819415
25	70	152	1630017
26	8	104	101490
27	8	152	1237161
29	16	0	444035
20	64	99	149631
21	3	20	1
22	70	9	2952175
24	8	9	500813
25	70	153	1451541
26	8	105	1141454
27	8	153	444569
25	5	151	545
26	8	106	369
26	10	44	140505084
27	13	-1	38
29	16	2	312671
18	31	20	149550653
22	2	101	190344746
22	5	8	213515708
24	5	104	16172514
24	40	28	1
25	5	152	29923856
26	8	107	209
18	31	21	46429
20	1	37	133624282
22	5	9	244395
23	70	60	1244559474
25	5	153	118409405
25	9	29	1
23	2	151	38803883
24	5	106	45197
25	5	154	53331593
25	10	-1	6
26	8	109	12
29	13	98	3
20	2	8	108219595
20	64	104	6
22	2	104	142085563
22	37	28	3
23	2	152	54574165
25	10	0	351823
26	10	48	27956143
29	15	37	18151186
20	2	9	5839893
22	2	105	21345030
22	4	43	5405949
23	2	153	30468838
24	41	1	60
18	61	104	79822
19	61	152	687650
20	64	106	1492
22	2	106	42879
22	38	-1	204
24	8	16	475308
25	10	2	314551
29	16	8	26475312
19	61	153	55077
19	64	60	433224487
21	3	28	9004098
22	5	14	27945
22	38	0	136899
23	2	155	249811515
18	31	27	144893
19	64	61	202357
20	1	43	57779895
25	5	159	414290
21	2	61	42581
22	2	109	104
24	38	98	62892
27	10	101	3628376
22	4	48	293534
24	8	20	3783255
25	9	37	148204918
29	15	43	30360805
19	1	-1	720
24	8	21	58
28	10	151	196911
19	1	0	50071251
20	2	16	103804860
25	10	8	207095861
27	10	104	8810286
28	10	152	13915121
19	1	1	17029
19	61	159	222
20	1	48	50554553
21	68	37	839236
22	5	20	82252143
22	37	37	1314094
25	10	9	1258367
27	10	105	789309
28	10	153	5389641
22	5	21	1322462
27	10	106	571973
27	10	107	313504
28	15	0	7110495
29	15	48	13
20	2	20	103661787
21	3	37	6573
22	38	9	21243
25	9	43	232308948
25	41	60	9218
20	2	21	45109659
24	38	106	40
27	10	109	85
18	31	37	203603
21	1	101	222091605
21	4	8	376679
23	4	104	1107
24	4	152	59259
24	8	28	16778
24	38	107	4222
25	10	14	12147026
29	16	20	1347134
24	4	153	37585
26	12	1	360
28	10	159	3363924
28	15	4	2449
29	16	21	2292597
19	1	8	70583619
22	1	151	2005218
22	5	27	953
23	4	106	61
23	40	-1	19
24	9	-1	96
25	10	16	450816
19	1	9	17676520
21	1	104	15852055
22	1	152	50617836
22	5	28	717812
23	4	107	42542
23	40	0	1261598
24	9	0	274881337
25	9	48	134913552
21	3	43	54173
22	1	153	36768641
23	40	1	237
20	2	27	3545951
21	1	106	153398
21	37	-1	1453
26	9	98	11975486
28	15	8	258643660
20	68	0	246
21	1	107	2601
21	37	0	171701
22	37	48	2397279
25	10	20	51599995
28	15	9	685
25	10	21	174459
19	1	14	34477
20	1	61	5963963
25	40	101	4
26	9	101	194960244
21	3	48	2322870
22	38	20	697720
22	70	37	7295258
24	8	37	1175
19	1	16	39207545
27	9	151	65416270
29	15	61	74399
22	68	101	1
23	37	101	8392262
24	9	8	187902134
26	9	104	126336798
27	9	152	139622849
27	13	28	7387
22	5	37	10298401
23	40	9	1
24	9	9	242023557
26	9	105	12152631
27	9	153	299008370
27	12	60	26363
19	31	98	10351116
24	37	151	628158
25	40	106	103
26	9	106	368072
19	1	20	32298797
20	68	8	9533746
21	37	8	45936
22	68	104	1676518
23	68	152	1075025
24	37	152	3337173
25	40	107	10964
27	9	155	15527034
19	1	21	4613521
20	0	99	1
20	2	37	43336108
21	37	9	5
23	37	105	361678
23	68	153	6073
24	37	153	37550220
27	14	1	82735
18	0	5	6
19	31	101	5
23	37	106	997
25	40	109	2
26	9	109	118
27	14	2	4
20	3	8	237136
22	3	104	1344203
23	3	152	606900
23	37	107	172284
28	15	20	42849818
29	14	99	3360
21	68	60	8327396
22	5	43	13475668
22	37	60	4056
23	3	153	39501
28	15	21	103688135
19	31	104	8055651
21	70	-1	3
22	3	106	28834
23	8	-1	16
23	37	109	25
24	9	16	130405298
20	31	152	68129241
21	4	28	47
21	37	14	157046
22	3	107	829587
23	8	0	6951
24	8	48	764787
19	1	27	3841
19	31	106	32330
20	2	43	122541910
20	31	153	32422555
21	3	60	11889749
19	1	28	158049646
20	2	44	411339193
21	3	61	462668
21	5	-1	41
21	37	16	1048770
21	5	0	2902033
22	5	48	1
23	40	20	453
24	9	20	304975422
25	10	37	7527705
18	31	61	3969873
19	2	-1	49
21	5	1	24343032
23	3	159	911
24	9	21	57601982
29	14	106	1058
18	33	0	94
19	2	0	519002252
23	70	101	2
25	8	101	3593845
20	2	48	107283683
21	37	20	1161499
22	38	37	158
23	5	99	2
28	14	60	168388710
19	64	98	369617
20	68	21	18793
21	37	21	528631
28	14	61	1029684
28	16	-1	10
19	64	99	37
21	70	8	35548035
23	5	101	829871
23	8	8	856488
23	70	104	650886
24	70	152	1433889
25	8	104	265920
26	8	152	1367436
28	16	0	904523
29	16	48	4
21	70	9	2324795
23	8	9	1615834
24	70	153	1317925
25	8	105	1263212
26	8	153	251111
24	5	151	536
25	8	106	977
25	10	44	168457785
28	16	2	677590
19	1	37	141809602
21	2	101	244660213
21	5	8	220472254
23	5	104	13202484
24	5	152	28521530
25	8	107	88246
21	5	9	435465
22	70	60	1192836923
24	5	153	118643513
19	2	8	37265320
22	2	151	37979269
23	5	106	37731
23	70	109	7
24	5	154	53216488
28	13	98	4
19	2	9	19176702
21	2	104	70290605
21	37	28	3
22	2	152	84979137
24	10	0	350112
25	10	48	32407109
28	15	37	22985095
19	64	106	660
21	2	105	6777643
21	4	43	4563480
22	2	153	27511031
23	41	1	5
18	61	152	2827610
21	2	106	35701
21	38	-1	6
23	8	16	414303
24	10	2	310118
28	16	8	321770540
18	61	153	190331
18	64	60	497337100
19	1	43	52507156
20	3	28	59037
21	5	14	1077
21	38	0	138618
22	2	155	238734392
18	64	61	219633
24	5	159	417390
20	2	61	53524
21	2	109	1
23	38	98	70279
26	10	101	18427976
21	4	48	251763
21	70	20	10289
23	8	20	4457104
23	38	99	2
24	9	37	150367801
28	15	43	58288575
29	16	60	166348081
18	1	-1	12
19	2	16	35519217
23	8	21	331
27	10	151	217065
29	16	61	16221880
18	1	0	38971976
19	1	48	48935791
24	10	8	215761697
26	10	104	7289066
27	10	152	15202570
18	1	1	12744
18	61	159	590
20	68	37	607043
21	5	20	86051118
21	37	37	1258297
24	10	9	15821792
26	10	105	8246611
27	10	153	7211256
21	5	21	789639
24	38	151	65
26	10	106	17755
27	15	-1	3
18	33	20	1
19	2	20	19617403
21	38	8	3148
25	41	107	88
26	10	107	3662
27	15	0	1431405
28	15	48	124
19	2	21	36274357
20	3	37	7
21	38	9	24
24	9	43	237358052
24	41	60	8886
23	38	106	10
26	10	109	11
20	1	101	201957809
20	4	8	205698
22	4	104	2477
23	4	152	57029
23	8	28	26339
23	38	107	1221
24	10	14	868118
28	16	20	1656374
23	4	153	34752
25	12	1	532
27	10	159	3370034
27	15	4	4798
28	16	21	1075567
18	1	8	13427816
21	1	151	1895018
21	5	27	645
22	4	106	73
22	40	-1	325
23	9	-1	8027
24	10	16	971468
29	15	101	289729
18	1	9	56687720
20	1	104	17088616
21	1	152	55153958
21	5	28	716634
22	4	107	8192
22	40	0	1230261
23	9	0	331405936
24	9	48	137539906
19	2	27	636308
20	3	43	414
21	1	153	37804797
22	40	1	266
20	1	106	80950
20	37	-1	849
21	4	61	148253
25	9	98	28798197
27	15	8	261032397
29	15	104	2961307
20	37	0	205020
21	37	48	2399346
24	10	20	39679338
27	15	9	299
19	1	61	6205683
24	10	21	187334
18	1	14	22490
24	40	101	9
25	9	101	280269506
20	3	48	13895
21	38	20	40511
21	70	37	5194637
23	8	37	3453
18	1	16	4529863
26	9	151	54243965
28	15	61	1335
21	68	101	2
22	37	101	13450362
23	9	8	191490865
25	9	104	103421421
26	9	152	120560254
26	13	28	5150
21	5	37	10481246
23	9	9	308291080
25	9	105	17255349
26	9	153	272189010
26	12	60	32036
18	31	98	10607188
22	1	210	4731
23	37	151	743349
24	40	106	103
25	9	106	8585594
18	1	20	89470096
19	0	99	1
19	2	37	45885886
20	37	8	9135381
21	68	104	119725
22	68	152	1322186
23	37	152	4045300
24	40	107	17219
26	9	155	15028567
18	1	21	2750719
22	37	105	249452
22	68	153	5937
23	37	153	33061340
26	14	1	36521
18	31	101	22
19	3	8	1960673
22	37	106	959
26	14	2	1
21	3	104	251520
22	3	152	5007127
22	37	107	28766
27	15	20	71474680
28	14	99	1654
20	68	60	19834954
21	5	43	13335179
21	37	60	4208
22	3	153	709234
27	15	21	67290595
18	31	104	19753668
19	31	152	67886235
20	68	61	21
21	3	106	66121
21	37	61	704491
22	8	-1	19
22	37	109	6
23	9	16	202228915
19	2	43	128618463
19	31	153	23327442
20	4	28	65
20	37	14	901846
21	3	107	876668
21	70	48	1
22	8	0	11663
23	8	48	1262793
18	1	27	16043
18	31	106	533928
19	2	44	419328545
20	3	60	68834129
18	1	28	149152162
18	31	107	1274610
19	3	14	862407
20	3	61	1083829
20	5	-1	623
20	37	16	2995707
28	14	104	2
20	5	0	3127872
22	40	20	3
23	9	20	267023399
24	10	37	7815897
18	2	-1	66
19	3	16	8
20	5	1	23078088
22	3	159	28177
23	9	21	54459135
28	14	106	7740
18	2	0	410805530
19	2	48	106686476
22	70	101	1
24	8	101	3884148
28	14	107	26775
20	37	20	5809295
21	38	37	32
22	5	99	2
27	14	60	173187111
18	64	98	363914
20	37	21	420700
27	16	-1	1521
28	16	47	137
18	64	99	49
19	3	20	5834
20	70	8	926323
22	5	101	680064
22	8	8	1072442
22	70	104	3742890
23	70	152	1111516
24	8	104	132635
25	8	152	913124
27	16	0	417088
28	16	48	213
22	8	9	579289
23	70	153	935728
24	8	105	1009975
25	8	153	126110
23	5	151	428
24	8	106	762
24	10	44	178984660
27	16	2	632764
18	1	37	155407013
20	2	101	131154558
20	5	8	220629882
22	5	104	11200170
23	5	152	24479572
24	8	107	122063
20	5	9	720705
21	70	60	896815424
23	5	153	80136213
23	9	29	1
18	2	8	55676677
18	64	104	3
21	2	151	38522783
21	70	61	2387011
22	5	106	30524
22	70	109	5
23	5	154	39328439
23	10	-1	351
27	13	98	7
18	2	9	9669566
20	2	104	78967744
20	37	28	1
21	2	152	96253360
23	10	0	430427
24	10	48	33358986
27	15	37	20687726
18	64	106	2805
20	2	105	19457575
20	4	43	2218192
21	2	153	31374764
22	41	1	4
18	64	107	5441
19	3	28	1085241
20	2	106	46815
21	5	61	1303597
22	8	16	623009
23	10	2	261502
27	16	8	203638952
29	16	104	60175
18	1	43	60601323
20	5	14	3937
20	38	0	442
21	2	155	241631144
27	16	9	830
19	2	61	60099
23	5	159	366255
20	2	109	36
22	38	98	72055
25	10	101	26302914
20	4	48	115564
22	8	20	4267801
22	38	99	2
23	9	37	165059523
27	15	43	59814102
18	2	16	53728112
22	8	21	102
26	10	151	214019
27	13	106	2
28	16	61	1460234
18	1	48	23244002
23	10	8	177614018
25	10	104	7974669
26	10	152	15363931
27	13	107	5
20	5	20	85343114
20	37	37	1098065
23	10	9	23767092
25	10	105	9656269
26	10	153	8800051
20	5	21	659053
22	2	210	3148286
23	38	151	1158
24	41	106	1
25	10	106	58044
26	15	-1	4
18	2	20	74991391
19	3	37	227
20	38	8	22208
24	41	107	128
25	10	107	7892522
26	15	0	2227057
27	15	48	62
18	2	21	33053439
23	9	43	264578603
23	41	60	4356
19	1	101	163424859
19	4	8	192069
22	38	106	20
21	4	104	956
22	4	152	55827
22	8	28	32548
22	38	107	207
23	10	14	10475362
27	16	20	3556256
21	38	60	690372
22	4	153	28152
24	12	1	652
26	10	159	4091867
26	15	4	31
27	16	21	443605
19	1	104	21650344
20	1	151	2265064
20	5	27	1086
21	4	106	73
21	40	-1	23
22	9	-1	8376
22	38	109	1
23	10	16	3065795
28	15	101	681127
19	3	43	8665
20	1	152	52797024
20	5	28	652260
21	4	107	7148
21	40	0	1244505
22	9	0	265688842
23	9	48	158386280
18	2	27	2342710
19	1	106	256241
19	37	-1	1031
20	1	153	40229344
21	40	1	159
29	15	151	3023685
19	37	0	263248
20	4	61	194419
24	9	98	31186194
26	15	8	199517479
28	15	104	7161198
29	15	152	101876650
20	37	48	2533316
23	10	20	12892455
26	15	9	333
29	15	153	12957073
18	1	61	6067150
18	3	-1	3
19	1	109	9
23	10	21	213222
29	15	154	27353610
29	20	-1	7
18	3	0	98
19	3	48	185299
23	40	101	13
24	9	101	250798563
29	20	0	722938
20	70	37	246
22	8	37	4409
25	9	151	46308330
21	37	101	28155131
21	40	8	1
22	9	8	89047186
24	9	104	143238066
25	9	152	93234775
25	13	28	1725
20	5	37	10814174
22	9	9	200504749
24	9	105	14168284
25	9	153	302240447
25	12	60	29149
19	37	8	42319
21	1	210	17499
22	37	151	627246
23	40	106	15
24	9	106	10554933
18	2	37	54266225
19	37	9	3
20	68	104	303287
21	68	152	1204320
22	37	152	5777937
23	40	107	3939
25	9	155	14903453
21	37	105	1768
21	68	153	2194
22	37	153	33454764
25	14	1	14982
18	3	8	4362370
21	37	106	3282
23	40	109	8
19	68	60	31040197
20	3	104	3014
21	3	152	4414798
21	37	107	38347
26	15	20	79333934
27	14	99	2175
19	68	61	2
20	5	43	12909509
20	37	60	3903
21	3	153	592206
26	15	21	53847680
18	31	152	56816088
19	4	28	55
19	37	14	431710
20	3	106	500
20	37	61	1632948
21	8	-1	5
21	37	109	14
22	9	16	211513168
18	2	43	133603560
18	31	153	22287608
18	34	60	2
19	3	60	66035999
21	8	0	13654
22	8	48	1573604
18	2	44	479273891
19	3	61	827318
19	5	-1	746
19	37	16	3252753
18	3	14	2967318
19	5	0	3924594
19	5	1	22407823
21	40	20	41
22	9	20	257863791
23	10	37	2173770
18	3	16	432548
21	3	159	24798
22	9	21	72485295
27	14	106	244899
18	2	48	111305733
19	37	20	3237395
21	70	101	5
23	8	101	8972925
27	14	107	137985
19	37	21	371258
20	38	37	1
21	5	99	2
26	14	60	185944991
19	70	8	1774734
26	16	-1	8
27	16	47	12
18	3	20	3914900
21	5	101	409072
21	8	8	651748
21	70	104	353386
22	70	152	1781940
23	8	104	102565
24	8	152	1196737
26	16	0	716207
27	16	48	1461
29	20	20	443
18	3	21	3214
21	8	9	544478
22	70	153	1144530
23	8	105	935296
24	8	153	118832
19	2	101	200862250
19	5	8	224569720
22	5	151	321
23	8	106	329
23	10	44	159891958
26	16	2	643945
19	5	9	260893
21	5	104	10212451
22	5	152	22369018
23	8	107	28361
24	13	0	1
20	70	60	182750546
22	5	153	75024950
19	2	104	35935612
19	37	28	7
20	2	151	39461316
20	70	61	1498986
21	5	106	105115
22	5	154	41446017
22	10	-1	1200
23	8	109	20
26	13	98	7
28	16	101	1
19	2	105	2702750
19	4	43	1614153
20	2	152	100784886
21	5	107	2451
22	10	0	407879
23	10	48	29549613
26	15	37	21019265
19	2	106	45939
19	38	-1	19
20	2	153	30892634
21	41	1	2
29	16	151	127
18	3	28	5983958
19	5	14	3894
19	38	0	921667
20	5	61	2356716
21	8	16	1249541
22	10	2	268193
26	16	8	293848202
28	16	104	4314175
29	16	152	8215400
20	2	155	236416011
29	16	153	55715
18	2	61	49195
22	5	159	339999
29	21	-1	1
19	4	48	79306
21	38	98	71478
24	10	101	34958920
29	21	0	17649625
21	8	20	4556050
21	38	99	3
22	9	37	142831989
26	15	43	33594190
27	16	60	111501848
21	8	21	74
25	10	151	290062
28	16	109	2
29	20	33	9
19	5	20	87863977
19	37	37	1272687
22	10	8	149365871
24	10	104	12791671
25	10	152	14889751
26	16	14	125561
19	5	21	1120448
22	10	9	13363767
24	10	105	8348072
25	10	153	11246207
29	16	159	749805
21	2	210	4352758
22	38	151	1213
23	41	106	1
24	10	106	59976
25	15	-1	1
18	3	37	994
23	41	107	22
24	10	107	10656250
25	15	0	8168030
26	15	48	24
29	20	37	421
22	9	43	270210760
22	41	60	3715
18	1	101	220937173
18	4	8	214640
21	38	106	25
29	21	8	551479810
20	4	104	211
21	4	152	57392
21	8	28	39192
21	38	107	228
22	10	14	4460990
26	16	20	3130607
29	21	9	220522
19	1	151	2889498
19	5	27	2156
20	38	60	801798
21	4	153	29233
23	12	1	424
25	10	159	4957581
25	15	4	1
26	16	21	675208
18	1	104	12378284
19	1	152	55009929
19	5	28	675377
20	4	106	5
20	40	-1	13
21	9	-1	1532
22	10	16	3204323
27	15	101	618198
18	3	43	28067
19	1	153	40234949
20	40	0	1841084
21	9	0	494373730
22	9	48	157717665
18	1	106	55251
18	37	-1	1751
19	4	61	180149
20	40	1	188
28	15	151	6891759
18	4	14	2
18	37	0	162230
19	37	48	2229395
23	9	98	14775801
25	15	8	133775879
27	15	104	18107274
28	15	152	154322807
21	2	220	48280359
22	10	20	19142894
25	15	9	3477
28	15	153	20887705
18	1	109	29
22	10	21	36184479
28	15	154	36199893
28	20	-1	14
18	3	48	749779
19	38	20	155
19	70	37	844
23	9	101	164360401
28	20	0	1305867
21	8	37	3072
24	9	151	50313882
27	15	109	2
19	5	37	11740606
20	37	101	11569427
21	9	8	10452772
23	9	104	87267838
24	9	152	104319438
24	13	28	770
29	21	20	64313759
21	9	9	60236764
23	9	105	27514433
24	9	153	297066627
24	12	60	26451
28	20	4	2
29	21	21	16759996
18	37	8	3359561
20	1	210	19260
21	37	151	750848
22	40	106	28
23	9	106	3620972
20	68	152	841049
21	37	152	6881235
22	40	107	553
23	9	107	5439451
24	9	155	14975851
20	37	105	256114
20	68	153	869
21	37	153	34982327
24	14	1	24794
19	3	104	9084
20	37	106	162
21	40	61	807
22	40	109	2
23	9	109	435
24	14	2	2
28	20	8	7
18	68	60	40887792
19	5	43	13287263
19	37	60	4230
20	3	152	35591
25	15	20	90447937
26	14	99	487
18	68	61	3
19	3	106	567
19	37	61	1772781
20	3	153	5038
25	15	21	113357834
18	37	14	78
19	70	48	1
20	37	109	3
21	9	16	41424367
29	21	28	186326955
18	3	60	55367374
20	8	0	5942
21	8	48	1590012
29	20	60	3
18	3	61	893249
18	37	16	4705919
29	20	61	12432
18	5	0	3916655
18	5	1	12346191
20	40	20	357
21	9	20	25452683
22	10	37	3008682
20	3	159	153
21	9	21	53422211
22	37	210	8557
26	14	106	6183
18	37	20	11644622
19	38	37	184
22	8	101	11992350
26	14	107	2294
18	37	21	129197
20	5	99	2
25	14	60	111383756
18	70	8	4272058
25	16	-1	5
26	16	47	64
20	5	101	1226334
20	8	8	742367
20	70	104	43213
21	70	152	1404706
22	8	104	114965
23	8	152	1853491
25	16	0	366752
26	16	48	10794
28	20	20	62
29	21	37	194296958
20	8	9	492463
21	70	153	617394
22	8	105	1916001
23	8	153	155167
18	2	101	183076208
18	5	8	79119380
21	5	151	399
22	8	106	524
22	10	44	156273987
25	16	2	768667
18	5	9	96926
19	70	60	176488982
20	5	104	11824835
21	5	152	21892371
22	8	107	5392
19	2	151	46224590
19	70	61	1356639
21	5	153	80957562
18	2	104	114504520
18	37	28	13
19	2	152	104051107
19	72	0	12625
20	5	106	43295
21	5	154	46696072
21	8	61	859215
21	10	-1	51
22	8	109	4
25	13	98	5
18	2	105	7610086
18	4	43	832440
19	2	153	28989102
21	10	0	537033
22	10	48	31696507
25	15	37	31349421
29	21	43	352073863
18	2	106	945988
18	38	-1	10
19	5	61	2650554
20	41	1	2
28	16	151	1297
18	2	107	1866696
18	5	14	2473
18	38	0	866288
19	2	155	243528656
20	8	16	675666
21	10	2	266719
25	16	8	415984875
27	16	104	15034547
28	16	152	19586525
28	16	153	827511
18	2	109	17
21	5	159	362702
28	21	-1	21
18	4	48	44994
20	38	98	66073
23	10	101	32214783
28	21	0	27263205
29	21	48	2284599
20	8	20	2426171
20	38	99	4
21	9	37	89752473
25	15	43	19891282
26	16	60	1213388
19	72	8	5256
20	8	21	87
22	5	210	52
24	10	151	267576
27	16	109	2
28	20	33	3
18	5	20	98611048
18	37	37	1421240
19	72	9	3
21	10	8	135588466
23	10	104	4045331
24	10	152	15306896
25	13	107	18
25	16	14	131704
18	5	21	3712994
21	10	9	7643291
23	10	105	6383787
24	10	153	11536612
28	16	159	10030170
20	2	210	96852
21	38	151	322
23	10	106	13427
22	41	107	1
23	10	107	2842625
24	15	0	10346278
25	15	48	37
28	20	37	143
20	72	60	1
21	9	43	271776830
21	41	60	2648
19	4	104	434
20	38	106	3
21	41	61	1
23	10	109	77
28	21	8	712212254
20	4	152	52930
20	8	28	33816
21	10	14	36456827
25	16	20	8165733
28	21	9	9781
18	1	151	2991781
18	5	27	5790
19	4	106	1
19	40	-1	35
20	4	153	16545
22	12	1	608
24	10	159	5331924
24	15	4	19
25	16	21	291836
18	1	152	53603328
18	5	28	733805
19	40	0	2328724
20	9	-1	532
21	10	16	259908
26	15	101	839678
18	1	153	42374848
19	40	1	23
20	9	0	176412635
21	9	48	156636718
18	4	61	57492
27	15	151	6535303
29	21	61	28787651
18	37	48	3549334
19	72	20	468
22	9	98	12609482
24	15	8	133339365
26	15	104	11219192
27	15	152	152085946
19	72	21	19926
20	2	220	78428741
21	10	20	41682656
24	15	9	3400
27	15	153	17121796
21	10	21	109981
27	15	154	32697961
27	20	-1	5247
18	38	20	2929
18	70	37	3901
21	40	101	15
22	9	101	207447068
27	20	0	1472497
20	8	37	3456
19	37	101	21922066
23	9	151	54620341
18	5	37	4991483
20	9	8	46422970
22	9	104	179280658
23	9	152	138223484
23	13	28	1548
28	21	20	504023582
29	20	99	1
19	1	210	25615
20	9	9	134499709
22	9	105	22409726
23	9	153	354439292
23	12	60	24787
27	20	4	3
28	21	21	29919805
20	37	151	730804
21	40	106	82
22	9	106	2152060
29	20	101	23
19	37	105	42285
20	37	152	7823991
21	40	107	792
22	9	107	8968067
23	9	155	15454396
19	37	106	60
20	37	153	36303787
23	14	1	39573
18	3	104	324997
19	3	152	369247
20	40	61	1203
21	9	61	560230
21	40	109	2
22	9	109	91
27	20	8	10
18	5	43	10255816
18	37	60	4043
19	3	153	80492
24	15	20	95053162
25	14	99	791
29	54	60	636337
18	3	106	4289
18	37	61	1463354
19	37	109	1
24	15	21	102518422
29	20	106	5
29	54	61	3420
18	3	107	4425
18	70	48	4
19	8	0	5833
20	9	16	62548083
28	21	28	359407708
29	56	0	9
20	8	48	1319285
28	20	60	2
28	20	61	5561
19	40	20	221
19	3	159	2348
20	9	20	85174250
21	10	37	2739961
20	9	21	20520161
21	37	210	2661
25	14	106	19783
18	38	37	200
19	5	99	2
21	8	101	12191613
25	14	107	2296037
24	14	60	112624742
19	5	101	1592337
19	8	8	810774
19	70	104	21035
25	16	47	112
19	8	9	697951
20	70	152	25659
21	8	104	57797
22	8	152	2887465
24	16	0	384245
25	16	48	9961
27	20	20	415
28	21	37	335824538
20	70	153	5734
21	8	105	1333798
22	8	153	172565
19	5	104	15008854
20	5	151	631
21	8	106	898
21	10	44	159485770
24	16	2	734639
18	70	60	182018556
20	5	152	21937978
21	8	107	8164
18	2	151	45649213
18	70	61	1532142
19	5	106	207119
20	5	153	72099473
18	2	152	97856712
20	5	154	50420668
20	8	61	1178054
21	10	47	48
24	13	98	6
26	16	101	89
18	2	153	25585877
19	41	1	11
20	10	0	512694
21	10	48	28934344
24	15	37	29077654
28	21	43	670617791
18	5	61	1569395
19	8	16	2307239
27	16	151	1108
18	2	155	256627301
20	10	2	271445
24	16	8	327088160
26	16	104	9886390
27	16	152	13039553
29	24	0	9666467
27	16	153	610117
19	38	98	66703
20	5	159	372986
27	21	-1	531
19	8	20	1122867
19	38	99	2
22	10	101	34765291
27	21	0	28890883
28	21	48	4021235
19	8	21	288
20	9	37	62356098
24	15	43	19225704
19	38	101	16
21	5	210	25
23	10	151	268773
26	16	109	2
27	20	33	23
29	21	98	1180
20	10	8	144980942
22	10	104	11788437
23	10	152	14920265
24	16	14	191222
19	2	210	1137237
20	10	9	10522976
22	10	105	11232009
23	10	153	10034667
27	16	159	7169383
20	38	151	41
22	10	106	10042
23	15	-1	737
29	21	101	5798069
29	24	8	363177908
19	72	60	3501715
21	41	107	1
22	10	107	442054
23	15	0	8218796
24	15	48	6
27	20	37	255
29	24	9	30283
19	38	106	4
20	9	43	276001832
20	41	60	2780
18	4	104	255
19	4	152	46013
19	8	28	33933
20	41	61	1
21	10	61	8872496
22	10	109	23
27	21	8	706433642
29	21	104	21181849
19	4	153	13403
20	10	14	2655228
24	16	20	7146299
27	21	9	9695
18	4	106	2
18	40	-1	41
19	9	-1	336
21	12	1	7557
23	10	159	4301852
23	15	4	20
24	16	21	351921
29	57	-1	254
18	4	107	40
18	40	0	1036621
19	9	0	442343240
20	10	16	106900
25	15	101	2490616
29	24	14	211806585
29	57	0	157547
18	40	1	383
20	9	48	154556880
26	15	151	2909252
28	21	61	15866071
19	2	220	85216475
21	9	98	12858280
23	15	8	111637320
25	15	104	10093358
26	15	152	156260263
20	10	20	27414322
23	15	9	2644
26	15	153	18555630
20	10	21	75418
26	15	154	43630484
26	20	-1	3
29	54	98	28602
19	8	37	3707
20	40	101	8
21	9	101	203730606
26	20	0	1218404
29	24	20	92422848
27	54	4	783
29	24	21	2857844
18	37	101	16735814
19	9	8	10340005
22	9	151	50082369
29	57	8	32501953
19	9	9	87908969
21	9	104	46202405
22	9	152	204636468
22	13	28	1179
27	21	20	499536584
28	20	99	12
18	1	210	8869
19	37	151	737782
21	9	105	2255382
22	9	153	498667317
22	12	60	36485
26	20	4	1
27	21	21	31837838
19	37	152	7321220
20	40	106	1
21	9	106	3593523
28	20	101	19
18	37	105	611276
19	37	153	28469329
21	9	107	18850762
22	9	155	15673095
18	37	106	339
19	40	61	1570
22	14	1	29179
29	54	106	1
18	3	152	1246909
18	37	107	904
20	9	61	477367
26	20	8	34
18	3	153	225959
23	15	20	106782823
24	14	99	1473
28	54	60	864837
18	37	109	4
19	9	16	14295178
23	15	21	86271904
28	20	106	21
28	54	61	162
18	8	0	10640
19	8	48	1604395
27	21	28	340923137
28	20	107	39
28	56	0	7
27	20	60	3
28	20	109	3
18	40	20	9
19	9	20	24778314
29	57	20	126
18	3	159	8668
19	9	21	11390076
20	10	37	2959270
29	57	21	74186
20	37	210	11
24	14	106	19047
18	5	99	2
20	8	101	11609505
24	14	107	3170806
29	24	37	13359819
23	14	60	180673877
18	5	101	3084642
18	8	8	781372
18	70	104	153138
19	70	152	52351
23	16	-1	9
24	16	47	231
18	8	9	222368
19	70	153	10462
20	8	104	35303
21	8	152	2928334
23	16	0	706620
24	16	48	236
26	20	20	868
27	21	37	336612367
19	5	151	1198
20	8	105	902626
21	8	153	173755
18	5	104	4056417
19	5	152	23273810
20	8	106	38
20	10	44	172443695
23	16	2	589406
19	5	153	76011868
18	5	106	12782
19	5	154	51092579
19	8	61	1116643
29	58	-1	160
19	10	0	550722
20	8	109	2
20	10	47	589
23	13	98	7
29	58	0	131944
18	41	1	16
20	10	48	28514935
23	15	37	30802170
27	21	43	657251239
18	8	16	110553
19	10	2	282616
19	72	98	1
26	16	151	1583
28	24	-1	1
23	16	8	7038605
25	16	104	12677178
26	16	152	19500863
28	24	0	16199193
19	5	159	378700
26	16	153	808159
18	38	98	60589
19	72	101	6405
26	21	-1	91
18	8	20	1456598
18	38	99	2
19	9	37	70928939
21	10	101	19236463
26	21	0	30826938
27	21	48	3709023
29	57	37	261830
18	8	21	170
23	15	43	13653678
24	16	60	87941472
18	38	101	7
19	10	8	150608889
20	5	210	31
22	10	151	267111
26	20	33	12
28	21	98	2280
29	58	8	24208138
19	10	9	30565881
21	10	104	3032900
22	10	152	21366750
23	13	107	1
23	16	14	501064
18	2	210	422842
19	38	151	1481
19	72	106	3
21	10	105	4961209
22	10	153	10326793
26	16	159	48941684
21	10	106	43373
22	15	-1	604
28	21	101	2680308
28	24	8	1214709740
19	9	43	276581818
19	41	60	6174
21	10	107	506543
22	15	0	9141657
26	20	37	652
28	24	9	306861
18	38	106	17
18	4	152	56251
18	8	28	27142
18	38	107	9
19	10	14	1509575
20	10	61	13034543
26	21	8	533098564
28	21	104	59613194
29	21	152	70095066
29	58	14	39096
18	4	153	10634
23	16	20	3283985
26	21	9	19690
29	21	153	173497742
18	9	-1	361
18	38	109	3
19	10	16	46134
20	12	1	8371
22	10	159	4343247
22	15	4	17
23	16	21	602467
28	57	-1	924
29	21	154	44358512
29	24	61	15393899
18	9	0	321298588
19	9	48	162872088
24	15	101	8911757
28	57	0	673347
29	57	48	147614
25	15	151	1121412
28	21	109	5
18	2	220	82909809
19	10	20	9936455
20	9	98	13354554
22	15	8	110165126
24	15	104	18126711
25	15	152	153882641
29	58	20	105
19	10	21	356477
22	15	9	6193
25	15	153	17546311
29	21	159	19642
29	58	21	15684
19	40	101	33
25	15	154	40888560
25	20	-1	8
28	54	98	41464
18	8	37	1755
20	9	101	41881461
25	20	0	768642
28	24	20	36053464
28	24	21	5943755
18	9	8	20674266
21	9	151	34817179
28	57	8	86731699
18	9	9	159452490
19	74	60	3
20	9	104	44773009
21	9	152	243733777
21	13	28	511
26	21	20	654645584
27	20	99	18
28	57	9	76431
18	37	151	855616
19	40	106	4
20	9	105	7951860
21	9	153	617282670
21	12	60	481775
26	21	21	27205246
18	37	152	8852836
20	9	106	8733
21	12	61	2947
27	20	101	3
18	37	153	49467549
21	9	155	15532055
18	40	61	516
19	9	61	800138
21	14	1	26075
28	54	106	2
29	57	61	6171
20	9	109	27
25	20	8	6
28	54	107	35
22	15	20	84386118
23	14	99	390
27	54	60	842274
18	9	16	13991821
22	15	21	78268850
27	20	106	369
18	8	48	1406942
26	21	28	342007814
27	20	107	487
27	56	0	3
28	56	48	1
22	9	210	10753491
27	20	109	50
18	9	20	68381988
19	10	37	2924150
28	57	20	33
29	58	37	122226
18	9	21	6118179
19	37	210	321
28	57	21	98201
19	8	101	14186377
23	14	106	4781
23	14	107	829833
28	24	37	25216926
22	14	60	185780706
18	70	152	135766
19	8	104	191031
22	16	-1	46
18	70	153	28897
19	8	105	1335683
20	8	152	2638045
22	16	0	1073648
23	16	48	164
25	20	20	290
26	21	37	342226124
18	5	151	1935
19	8	106	63
19	10	44	190125139
20	8	153	151538
18	5	152	13484277
22	16	2	685078
18	5	153	45237626
18	5	154	28157987
18	8	61	849532
18	10	-1	28
28	58	-1	923
18	10	0	566946
19	10	48	30670571
22	13	98	4
28	58	0	445678
29	58	48	565
22	15	37	27204156
26	21	43	357040969
18	10	2	298194
25	16	151	1904
27	24	-1	13
22	16	8	7505351
24	16	104	16863831
25	16	152	28509863
27	24	0	16748600
18	5	159	197352
22	16	9	1597
25	16	153	1148715
25	21	-1	345
18	9	37	81447737
20	10	101	34043636
25	21	0	42480460
26	21	48	4849502
28	57	37	554163
19	5	210	3781
22	15	43	17144085
23	16	60	329446908
18	10	8	157389203
21	10	151	154888
25	20	33	8
27	21	98	2408
28	58	8	70004150
29	24	101	7438328
18	10	9	31006995
20	10	104	4428633
21	10	152	21828432
22	16	14	984564
18	38	151	1302
20	10	105	8319766
21	10	153	8273913
25	16	159	61650664
20	10	106	1750
21	15	-1	69
27	21	101	20760
27	24	8	1121872529
29	24	104	9568408
18	9	43	285498431
18	41	60	4023
21	15	0	9656340
22	15	48	2
25	20	37	126
27	24	9	18367
18	41	61	2
19	10	61	14897862
29	58	61	27615
18	10	14	669402
20	10	109	7
25	21	8	323952540
27	21	104	127955439
28	21	152	127873130
28	58	14	120640
19	12	1	474
22	16	20	1943307
25	21	9	118016
28	21	153	299071927
18	10	16	1370093
21	10	159	3551834
21	15	4	12
22	16	21	1411738
27	57	-1	437636
28	21	154	82078221
28	24	61	9693174
18	9	48	168945617
23	15	101	5668135
27	24	14	68438
27	57	0	307686
28	57	48	411975
19	9	98	13817170
22	10	210	43
24	15	151	971814
27	21	109	6
18	10	20	11387449
21	15	8	88398822
23	15	104	8719337
24	15	152	163823599
28	58	20	27
18	10	21	209951
21	15	9	35471
24	15	153	17174404
28	21	159	39857
28	58	21	38967
18	40	101	7
19	9	101	83076486
24	15	154	36367071
24	20	-1	2
27	54	98	27372
29	57	101	9
24	20	0	846770
27	24	20	36788592
27	24	21	6354348
19	9	104	21924806
20	9	151	30427211
23	15	109	4
27	57	8	80921659
18	74	60	7
19	9	105	779069
20	9	152	242114939
20	13	28	778
25	21	20	923156926
26	20	99	9
27	57	9	294627
18	40	106	33
19	9	106	13348
20	9	153	682417186
20	12	60	515436
25	21	21	29775375
29	57	106	50
18	40	107	11
20	12	61	3833
26	20	101	29
20	9	155	15777172
18	9	61	620218
18	40	109	1
20	14	1	39212
27	54	106	135
28	57	61	6708
20	14	2	1
24	20	8	11
27	54	107	198
27	57	14	977497
21	15	20	120451965
22	14	99	569
26	54	60	1056073
21	15	21	21520945
26	20	106	20
25	21	28	403017098
26	20	107	9
26	56	0	3
25	20	60	7
21	9	210	15075577
26	20	109	1
18	10	37	2785617
27	57	20	1809246
28	58	37	323640
18	37	210	8
27	57	21	15643
18	8	101	12164666
22	14	106	6025
22	14	107	148507
27	24	37	23765724
21	14	60	180943222
18	8	104	627328
19	8	152	3102366
21	14	61	4222234
21	16	-1	2
18	8	105	2044952
19	8	153	165824
21	16	0	417970
22	16	48	2
24	20	20	516
25	21	37	358290649
18	8	106	297
18	10	44	199652403
18	8	107	178
21	16	2	677226
29	61	0	53593
21	9	220	455978281
29	61	1	1
18	10	47	543
27	58	-1	456134
18	10	48	32491890
21	13	98	3
23	16	101	221
27	58	0	474458
28	58	48	1707
21	15	37	52834072
25	21	43	8888605
24	16	151	1343
26	24	-1	6
21	16	8	4506935
23	16	104	147723
24	16	152	21333058
26	24	0	16784279
21	16	9	1591
24	16	153	912006
19	10	101	41235829
20	8	210	2
24	21	-1	92
29	58	101	2
29	61	8	70148564
24	21	0	60123870
25	21	48	4276231
27	57	37	505882
18	5	210	536
21	15	43	17109019
22	16	60	297177292
19	10	104	2640890
20	10	151	140259
23	16	109	1
24	20	33	26
26	21	98	2114
27	58	8	74197901
28	24	101	17024659
19	10	105	6226256
20	10	152	20847740
21	16	14	1957642
19	10	106	769
20	10	153	6857138
24	16	159	12758179
18	41	107	1
20	15	-1	13
26	21	101	29135
26	24	8	566980958
28	24	104	24080058
29	24	152	17127040
20	15	0	9138433
21	15	48	24
24	20	37	103
26	24	9	97882
29	24	153	20875860
18	10	61	15940726
28	58	61	37897
29	24	154	1610484
24	21	8	307034845
26	21	104	130131880
27	21	152	129053023
27	58	14	135376
18	12	1	3192
21	16	20	4187
24	21	9	118572
27	21	153	304329222
20	10	159	3309329
20	15	4	7
21	16	21	355232
26	57	-1	429
27	21	154	74267441
28	24	109	12
22	15	101	14116423
26	24	14	43650268
27	57	48	393851
29	61	21	2328
18	9	98	15919371
23	15	151	777655
26	21	109	9
20	15	8	65871316
22	15	104	23634872
23	15	152	167552888
27	58	20	330
20	15	9	21801
23	15	153	16020957
27	21	159	41502
27	58	21	33715
18	9	101	82412920
23	15	154	44005682
23	20	-1	11
26	54	98	37684
28	57	101	12
23	20	0	1169127
26	24	20	398800696
19	9	151	35458423
26	24	21	5514691
18	9	104	85105125
19	9	152	267728469
19	13	28	574
21	15	61	4449
22	15	109	3
26	57	8	71276180
29	57	152	1096510
18	9	105	1974871
19	9	153	687889464
19	12	60	16848
24	21	20	824390129
25	20	99	7
29	57	153	467609
18	9	106	3847512
19	12	61	126
23	20	4	5
24	21	21	32356661
28	57	106	879
18	9	107	15713535
19	9	155	15331396
25	20	101	2
28	57	107	7791
19	14	1	61963
18	9	109	21
19	14	2	1
26	54	106	11
28	57	109	3
23	20	8	7
26	54	107	3
26	57	14	860569
20	15	20	79941864
21	14	99	855
25	54	60	861879
20	15	21	19157651
25	20	106	55
24	21	28	359173904
25	20	107	5596
25	56	0	2
26	56	48	1
29	61	37	93559
24	20	60	14
20	9	210	18614
26	57	20	1745
27	58	37	392849
26	57	21	2
21	14	106	14467
21	14	107	155846
26	24	37	21305829
20	14	60	168212038
18	8	152	2172156
20	14	61	5288709
21	16	47	11
18	8	153	137578
20	16	0	549
21	16	48	51
23	20	20	305
24	21	37	358813904
28	61	-1	10
20	16	2	682630
28	61	0	659610
29	61	48	6523468
20	9	220	707770526
26	58	-1	432
20	13	98	6
22	16	101	273320
26	58	0	367666
27	58	48	1112
20	15	37	63213681
24	21	43	8330954
23	16	151	48
20	16	8	941520
22	16	104	653098
23	16	152	410564
25	24	0	16209826
20	16	9	4
23	16	153	27860
18	10	101	50539418
23	21	-1	4776
28	58	101	1
28	61	8	138523674
23	21	0	61659839
24	21	48	3976552
26	57	37	374327
28	61	9	788836
19	10	151	148293
20	15	43	17306571
21	16	60	271767848
18	10	104	9902174
19	10	152	20748605
21	16	61	2514974
23	20	33	14
25	21	98	3909
26	58	8	68048385
27	24	101	10435827
29	58	152	611382
18	10	105	6237439
19	10	153	6665238
20	16	14	1247614
26	58	9	201
29	58	153	28187
18	10	106	3763
19	15	-1	16
23	16	159	669768
29	61	61	4302
18	10	107	10510
19	15	0	9552273
25	21	101	145349
25	24	8	1099860713
27	24	104	56373645
28	24	152	33443054
28	61	14	122764
20	15	48	19
23	20	37	163
25	24	9	138010
28	24	153	39659907
28	27	60	1
18	10	109	5
28	24	154	4359047
23	21	8	190519730
25	21	104	137939088
26	21	152	124971819
26	58	14	94432
19	10	159	3314170
19	15	4	2
20	16	20	72843
23	21	9	165979
26	21	153	304899174
29	58	159	3
20	16	21	40
26	21	154	78487822
27	24	109	5
21	15	101	13690304
26	57	48	361334
28	61	20	55063
28	61	21	10440
19	15	8	88984356
22	15	151	788191
19	15	9	62482
21	15	104	9521404
22	15	152	163372447
26	58	20	736
22	15	153	15621075
26	21	159	43100
26	58	21	24628
22	15	154	44941562
22	20	-1	238
25	54	98	37110
27	57	101	1425
22	20	0	1190476
25	24	20	39819632
18	9	151	39772286
25	24	21	5455268
18	9	152	239202599
18	13	28	569
20	15	61	7330
28	57	152	3109070
18	9	153	637527734
18	12	60	17194
23	21	20	832592935
24	20	99	21
28	57	153	1109982
18	12	61	87
22	20	4	1
23	21	21	25073412
27	57	106	60199
18	9	155	15002799
24	20	101	3
27	57	107	85544
29	31	0	1337716
18	14	1	79053
26	57	60	4685324
18	14	2	1
25	54	106	55
27	57	109	80
19	15	20	64012917
22	20	8	10
25	54	107	4144
19	15	21	49453715
20	14	99	2047
24	54	60	892496
28	57	159	2
24	20	106	49
23	21	28	357470143
24	20	107	7702
24	56	0	2
28	61	37	193523
19	9	210	299616
23	20	60	8
29	31	8	98403007
26	58	37	372241
29	31	9	124051772
20	14	106	546
19	14	60	192842059
25	24	37	25426487
19	14	61	6080911
22	20	20	1
23	21	37	347637310
19	16	2	699125
27	61	-1	146
19	9	220	723905484
27	61	0	51756
28	61	48	13580557
27	61	1	1
19	13	98	8
25	58	-1	712
19	15	37	63625991
21	16	101	1132335
25	58	0	625876
29	31	20	94834172
23	21	43	7288092
29	31	21	74030
22	16	151	38
21	16	104	76831
22	16	152	859554
24	24	0	16714633
25	24	48	2
18	8	210	4
22	16	153	32962
22	21	-1	8741
27	61	8	55907758
29	61	104	925179
19	15	43	17934718
22	21	0	43101098
23	21	48	4006648
27	61	9	1777489
18	10	151	141240
20	16	60	302709604
29	31	27	62571
18	10	152	21112585
20	16	61	4109579
22	20	33	19
24	21	98	3817
25	58	8	77746194
26	24	101	5309460
28	58	152	2020907
18	10	153	7631375
28	58	153	67049
18	15	-1	15
22	16	159	719989
28	61	61	3120
18	15	0	17864653
19	15	48	3
24	21	101	105136
24	24	8	1061512130
26	24	104	44089258
27	24	152	32841102
22	20	37	432
24	24	9	119581
27	24	153	44077568
27	27	60	1
27	24	154	4711181
27	58	109	40
22	21	8	195353390
24	21	104	195564984
25	21	152	134059293
25	58	14	199328
18	10	159	3708645
22	21	9	3631143
25	21	153	341449820
28	58	159	8
25	21	154	73778330
26	24	109	12
20	15	101	14017848
24	24	14	21
27	61	20	3440866
29	31	37	201629
19	10	210	96
27	61	21	1458
18	15	8	79565873
21	15	151	827781
18	15	9	2376787
20	15	104	14398416
21	15	152	143793365
25	58	20	306
21	15	153	16856163
23	23	1	1
25	21	159	46890
25	58	21	62737
21	15	154	46202506
21	20	-1	25
24	54	98	40842
26	57	101	14781
21	20	0	1098435
24	24	20	41266297
19	15	61	5766
24	24	21	5887258
20	15	109	1
27	57	152	2786302
22	21	20	492598792
23	20	99	7
27	57	153	1114233
21	20	4	5
22	21	21	19341890
26	57	106	1262
23	20	101	18
26	57	107	296
28	31	0	3941027
25	57	60	101000831
22	15	210	18489
24	54	106	36
18	15	20	48056680
19	14	99	583
21	20	8	10
24	54	107	6434
18	15	21	59535613
23	54	60	3588164
23	20	106	15
29	0	5	47
22	21	28	296575881
23	20	107	2851
23	56	0	7
27	61	37	70559
18	9	210	15036
22	20	60	7
23	20	109	5
28	31	8	231770545
25	58	37	275717
28	31	9	79258
19	14	106	651
18	14	60	206406971
24	24	37	26698755
18	14	61	5304967
29	31	61	3099901
29	33	0	40
21	20	20	72
22	21	37	314554501
28	64	1	1401683
18	16	2	754066
26	61	-1	1
18	9	220	794888359
27	61	48	6380480
18	13	98	4
24	58	-1	497
18	15	37	76568035
24	58	0	623874
28	31	20	270831296
22	21	43	6405974
28	31	21	71253
21	16	151	28
23	24	-1	574
28	61	101	2248
20	16	104	54549
21	16	152	423012
23	24	0	14506358
24	24	48	3
21	16	153	21844
21	21	-1	1230
26	58	101	5
26	61	8	59837077
28	61	104	1747744
29	61	152	4697910
18	15	43	19002415
19	16	60	288353300
21	21	0	28967884
22	21	48	3957124
26	61	9	42949
29	61	153	1002388
19	16	61	4353157
28	31	27	185208
21	20	33	14
23	21	98	2413
24	58	8	84574987
25	24	101	4924069
27	58	152	2066906
27	58	153	70690
27	61	60	73730553
21	16	159	426532
28	61	109	3
18	15	48	108
23	21	101	351297
23	24	8	120511254
25	24	104	41419549
26	24	152	28082576
29	1	0	31901316
21	20	37	100
23	24	9	1093457
26	24	153	45614821
29	1	1	12359
29	61	159	4922
26	24	154	8475490
26	58	109	3
21	21	8	321658655
23	21	104	101308176
24	21	152	127870549
24	58	14	195402
29	33	20	1
21	21	9	1227088
24	21	153	332875443
27	58	159	4
19	15	101	14596704
24	21	154	59314279
23	24	14	24274369
26	61	20	48
28	31	37	318674
18	10	210	338
26	61	21	2
19	15	104	5542465
20	15	151	833653
23	21	109	33
29	1	8	47080087
20	15	152	149816517
24	58	20	617
29	1	9	15331458
20	15	153	15714283
24	21	159	45660
24	58	21	64416
20	15	154	39675820
20	20	-1	7
23	54	98	138694
20	20	0	898912
23	24	20	874523882
18	15	61	4235
21	54	4	1
23	24	21	3796788
23	57	8	403405
26	57	152	2934295
29	1	14	1268755
21	21	20	213531206
22	20	99	14
26	57	153	915908
20	20	4	1
21	21	21	17135194
25	57	106	10758
27	31	-1	2
29	1	16	9078977
22	20	101	2
25	57	107	1685865
27	31	0	3871606
24	57	60	116147352
21	15	210	72002
23	54	106	84
29	31	98	5755936
18	14	99	225
23	54	107	1873
23	57	14	1207
29	1	20	20290188
22	54	60	6359152
29	1	21	2841522
22	20	106	30
28	0	5	88
29	31	101	1047
21	21	28	347663700
22	20	107	416
22	56	0	11
26	61	37	32681
21	20	61	15406
27	31	8	242980189
29	31	104	4526901
23	57	20	21193
24	58	37	428753
27	31	9	3645
18	14	106	3493
29	1	27	2653
29	31	106	17550
18	14	107	4070
29	1	28	102028475
21	15	220	35765876
23	24	37	23639682
28	31	61	1391492
28	33	0	494
29	2	0	120757950
20	20	20	132
21	21	37	339430248
27	64	1	2302104
26	61	48	6482283
23	58	-1	748
23	58	0	868456
27	31	20	293257407
29	1	37	90572271
21	21	43	4454222
27	31	21	93448
19	16	104	1
20	16	151	4
22	24	-1	653
29	2	8	53546203
20	16	152	72716
22	24	0	10294460
23	24	48	6
29	2	9	3529196
20	16	153	6969
20	21	-1	350
25	58	101	2
27	61	104	4999398
28	61	152	9138302
18	16	60	376502178
20	21	0	28849549
21	21	48	4128090
23	57	37	497
28	61	153	2093476
28	64	60	192689786
29	1	43	27920000
18	16	61	4844836
27	31	27	192674
28	64	61	695
20	20	33	38
22	21	98	2301
23	58	8	68928077
24	24	101	4509319
26	58	152	2175014
29	2	14	54926
26	58	153	67470
26	61	60	15444568
20	16	159	121190
27	61	109	179
28	1	-1	338599
29	2	16	81916606
22	21	101	222207
22	24	8	281060441
24	24	104	67561711
25	24	152	31045398
28	1	0	41716553
29	1	48	28154961
20	20	37	76
22	24	9	327073
25	24	153	45082604
28	1	1	21104
28	61	159	8114
25	24	154	8323636
25	58	109	1
20	21	8	210902116
22	21	104	197827782
23	21	152	128436495
23	58	14	142121
28	33	20	16
29	2	20	38278200
20	21	9	2366242
23	21	153	343667251
26	58	159	6
29	2	21	10375636
18	15	101	15297871
22	57	-1	38822
23	21	154	79470053
22	24	14	64520531
22	57	0	1003
23	57	48	1280
27	31	37	282008
19	15	151	806916
18	15	104	22796056
19	15	152	118300861
21	21	61	28897745
22	21	109	13
28	1	8	59063230
19	15	153	14884728
23	58	20	436
28	1	9	34987362
19	15	154	35658323
19	20	-1	20
23	21	159	40021
23	58	21	107869
29	2	27	3496020
19	20	0	988268
22	54	98	218739
29	68	0	29858
22	24	20	583557369
18	15	109	2
22	24	21	2786497
29	1	61	3747406
22	57	8	22622470
28	1	14	30812
29	3	0	31213
19	20	4	5
20	21	20	120361050
21	20	99	15
22	57	9	180
20	21	21	9318287
24	57	106	14219
26	31	-1	3
28	1	16	19907419
21	20	101	11
24	57	107	2794142
26	31	0	4511801
23	57	60	89816593
20	15	210	8366
22	54	106	94
28	31	98	10246807
29	68	8	13497730
22	54	107	1653
22	57	14	49088111
28	1	20	69121287
29	2	37	38569366
21	54	60	6301134
28	1	21	3935141
21	20	106	58
21	54	61	22061
27	0	5	72
28	31	101	56
29	3	8	3772696
20	21	28	304089709
21	20	107	550
21	56	0	4
20	20	60	1
20	20	61	18603
21	20	109	1
26	31	8	240208021
28	31	104	7364522
29	31	152	19165290
22	57	20	20929
23	58	37	371232
26	31	9	31046
29	2	43	65018908
29	31	153	33812712
29	34	60	2
22	57	21	1485355
28	1	27	4149
28	31	106	27688
29	2	44	232634389
28	1	28	169657182
29	3	14	134
20	15	220	69608928
22	24	37	25142941
27	33	-1	7
28	2	-1	1
19	20	20	92
27	33	0	255997
28	2	0	305503075
29	2	48	59792705
20	21	37	339456013
26	64	1	3211676
27	33	1	48
29	68	21	616
28	64	98	13406064
29	3	20	1108
29	3	21	12725
22	58	-1	25245
22	58	0	1117725
26	31	20	295377937
28	1	37	133724272
20	21	43	4056077
26	31	21	95159
18	16	104	1
21	24	-1	40
26	61	101	56
28	2	8	75208138
21	24	0	9571026
22	24	48	1
28	2	9	20235078
19	21	-1	237
28	64	106	19
19	21	0	25993331
26	61	104	2806826
27	61	152	3951265
29	3	28	942538
20	21	48	4018464
22	57	37	425312
27	61	153	866305
27	64	60	423333462
28	1	43	78977885
19	20	33	17
26	31	27	178490
29	2	61	254667
21	21	98	2498
22	58	8	54710269
23	24	101	5245227
25	58	152	2420954
28	35	0	3
22	58	9	149597
25	58	153	71971
25	61	60	154184427
28	2	16	117644981
19	20	37	364
21	21	101	7873
21	24	8	915786580
23	24	104	31944708
24	24	152	30700447
27	1	0	56905086
28	1	48	38279789
29	68	37	447352
21	24	9	351033
24	24	153	42038305
24	27	60	1
27	1	1	21612
27	61	159	2278
19	21	8	139547372
24	24	154	6186675
19	21	9	6270868
21	21	104	42233055
22	21	152	162035257
22	58	14	88383
27	33	20	7220
28	2	20	51778717
29	3	37	136
22	21	153	629085266
25	58	159	1
28	2	21	66392986
21	57	-1	2544
22	21	154	71767647
23	24	109	5
29	1	101	114165873
29	4	8	111216
22	57	48	403585
26	31	37	315521
18	15	151	764548
18	15	152	151410643
20	21	61	43989378
27	1	8	78587111
29	1	104	13438809
18	15	153	14890648
22	58	20	760
27	1	9	29984595
29	3	43	6764
18	15	154	43661007
18	20	-1	18
22	21	159	39701
22	58	21	87229
28	2	27	2196386
28	68	-1	8
29	1	106	31415
29	37	-1	158
18	20	0	908825
21	54	98	260867
28	68	0	74848
29	37	0	346913
21	24	20	38746376
21	24	21	2507202
28	1	61	1442851
29	1	109	9
19	21	20	178427028
21	57	8	21296935
27	1	14	35342
28	3	0	59919
29	3	48	267195
18	20	4	2
19	21	21	9295599
20	20	99	6
27	34	1	1
28	3	1	2
23	57	106	2526
27	1	16	52292630
20	20	101	2
23	57	107	773479
25	31	0	6649917
19	15	210	5656
22	57	60	4515956
21	54	106	250
27	31	98	10277634
28	68	8	39831684
29	37	8	3343518
21	54	107	2282
21	57	14	47797466
27	1	20	39344073
28	2	37	74868231
20	54	60	6044455
27	1	21	5074582
19	21	28	249964381
20	20	106	4
20	54	61	23908
26	0	5	91
27	31	101	30
28	3	8	8887606
20	56	0	2
28	3	9	147191
19	20	61	17206
29	68	61	1337
25	31	8	113285818
27	31	104	6199164
28	31	152	29380836
29	4	28	49
29	37	14	363452
29	70	0	517575
21	57	20	437
22	58	37	305948
25	31	9	8192948
28	2	43	122966035
28	31	153	50852625
28	34	60	5
29	3	60	23089018
27	1	27	9398
27	31	106	18594
28	2	44	421416553
29	3	61	276213
29	37	16	997831
19	15	220	77745083
27	1	28	178854250
29	5	0	1306814
21	24	37	18551356
27	33	46	2
29	5	1	12406948
27	2	-1	13
27	31	109	1
18	20	20	4
19	21	37	245318695
26	33	0	4
27	2	0	171798025
28	2	48	104926861
29	37	20	2245028
25	64	1	1981740
28	68	21	1799
29	37	21	206319
27	64	98	24596354
29	70	8	95564588
28	3	20	36
28	3	21	5864
21	58	-1	1560
29	2	101	238145258
29	5	8	122384796
19	21	43	3979085
25	31	20	100659528
27	1	37	144137402
29	5	9	174727
25	31	21	113362
20	24	-1	27
27	2	8	146306853
29	2	104	16840740
29	37	28	6
20	24	0	8722173
21	24	48	2
27	2	9	8691997
29	2	105	750706
29	4	43	2936907
18	21	-1	269
27	64	106	113197
29	2	106	23056
29	38	-1	4
18	21	0	20919126
19	21	48	2410688
23	58	101	95
23	61	8	6074916
26	61	152	3836387
27	64	107	155503
28	3	28	2360663
29	38	0	132071
21	57	37	340521
26	61	153	833690
26	64	60	426333939
27	1	43	65203305
18	20	33	9
25	31	27	63805
28	2	61	10277
20	21	98	2807
21	58	8	28052611
22	24	101	3372016
24	58	152	2633863
29	4	48	133631
29	70	20	29655
21	58	9	540120
24	58	153	75358
24	61	60	150398750
29	70	21	37047
26	1	-1	1
27	2	16	165964699
18	20	37	155
20	21	101	8261
20	24	8	875343156
22	24	104	94481864
23	24	152	31694867
23	61	14	54
26	1	0	44880438
27	1	48	44986575
28	68	37	1872940
29	5	20	34591122
29	37	37	639735
20	24	9	136236
22	58	60	7212785
23	24	153	42151471
23	27	60	2
26	1	1	25736
26	61	159	3218
29	5	21	1102828
18	21	8	77705378
23	24	154	2646326
29	38	8	70891
18	21	9	1633222
20	21	104	56446551
21	21	152	189077967
27	2	20	282447043
28	3	37	560
21	21	153	777007348
24	58	159	4
27	2	21	41574120
21	21	154	65790166
21	24	61	13636640
22	24	109	2
28	1	101	147227723
28	4	8	432960
21	57	48	354780
23	61	20	48
25	31	37	84407
19	21	61	44640352
29	1	151	1251786
29	5	27	548
20	21	109	2
26	1	8	87722341
28	1	104	38515260
29	1	152	28768743
29	5	28	394396
19	23	1	1
21	58	20	5
26	1	9	12722805
28	3	43	14454
29	1	153	28059349
21	21	159	39968
27	2	27	9664599
27	68	-1	92
28	1	106	9416887
28	37	-1	454
29	4	61	144521
20	54	98	260904
22	57	101	8
27	68	0	90565
28	1	107	70971
28	37	0	458231
29	37	48	1100356
20	24	20	42156126
20	24	21	2124633
22	21	210	8523
27	3	-1	3
28	1	109	54
18	21	20	239469132
19	20	99	5
23	57	152	25972
26	1	14	55562
28	3	48	587278
29	38	20	349830
29	70	37	2431346
18	21	21	27158868
23	57	153	3063
19	20	101	8
22	57	106	2545
26	1	16	8905095
22	57	107	110798
24	31	0	3028904
29	5	37	4705078
18	15	210	42899
21	57	60	4358199
20	54	106	21
21	57	61	1317
26	31	98	10168098
27	68	8	39175892
28	37	8	4768862
29	3	101	2
29	68	104	207552
19	54	60	4081917
26	1	20	80042621
27	2	37	68846196
28	37	9	25
19	20	106	2
19	54	61	8689
26	1	21	4413863
18	21	28	199657706
19	56	0	14
25	0	5	85
26	31	101	31
27	3	8	6597925
29	3	104	77388
20	56	48	1
23	61	37	4223
27	3	9	420828
29	5	43	6767043
29	37	60	2230
18	20	61	13915
28	68	61	2670
28	70	-1	1
29	3	106	4577
29	37	61	529178
24	31	8	139199826
26	31	104	22817510
27	31	152	30130376
28	4	28	65
28	37	14	400251
28	70	0	755327
29	70	48	6
21	58	37	158358
24	31	9	43508
27	2	43	128766978
27	31	153	42626520
27	34	60	895
28	3	60	50828247
28	70	1	3
26	1	27	10601
26	31	106	33130
27	2	44	432746893
28	3	61	184428
28	5	-1	107684
28	37	16	2226702
18	15	220	70983881
26	1	28	178086406
28	5	0	2535778
20	24	37	17833372
28	5	1	23077148
26	2	-1	16
18	21	37	201664813
26	2	0	178431963
27	2	48	109769270
28	37	20	2876278
29	38	37	82
24	64	1	1234188
27	68	21	1480
28	37	21	1113577
22	61	-1	111
26	64	98	13112280
28	70	8	195581583
22	61	0	4820
23	61	48	507265
26	64	99	4512682
27	3	20	1121
27	33	101	14
28	2	101	325787220
28	5	8	224446788
18	21	43	4216088
24	31	20	150196143
26	1	37	149646602
28	5	9	738383
29	70	60	524092040
19	24	-1	25
24	31	21	60920
29	2	151	26436683
29	70	61	4059040
19	24	0	15936922
26	2	8	104642063
26	64	104	180
28	2	104	30476257
28	37	28	5
29	2	152	30956453
29	72	0	172805
20	24	48	11797
26	2	9	4493796
28	2	105	2576158
28	4	43	5901842
29	2	153	15469417
26	64	106	5735
27	33	106	9
28	2	106	36316
28	38	-1	5
29	5	61	1266978
18	21	48	1296075
22	58	101	1
22	61	8	22696702
26	64	107	1763
27	3	28	1381936
28	38	0	673717
29	2	155	131501453
22	61	9	816
25	64	60	485275232
26	1	43	64078392
19	21	98	3138
24	31	27	76474
27	4	-1	7
28	2	109	320
21	24	101	2918540
23	58	152	2150381
28	4	48	294920
28	70	20	832976
23	58	153	64406
23	61	60	110160584
28	70	21	47790
19	21	101	10347
19	24	8	716395572
26	2	16	113863481
19	24	9	102588888
21	24	104	31498162
22	24	152	42192739
22	61	14	46812916
25	1	0	25778656
26	1	48	52412591
27	68	37	1917658
28	5	20	87254876
28	37	37	1004025
21	58	60	37465430
22	24	153	41145224
25	1	1	18458
28	5	21	1974876
19	21	104	10655195
21	58	61	7445
22	24	154	2094580
22	58	109	1
20	21	152	209303711
26	2	20	203078754
27	3	37	506
28	38	9	14380
19	57	-1	25
20	21	153	935356510
23	58	159	1
26	2	21	89572960
19	24	14	14680082
20	21	154	61980439
20	24	61	23591011
27	1	101	113405836
27	4	8	514359
29	4	104	252
22	61	20	6254
24	31	37	112857
18	21	61	47387037
22	61	21	1177107
28	1	151	2275589
28	5	27	1505
29	4	106	3
29	40	-1	6
25	1	8	73541204
27	1	104	24309081
28	1	152	48107042
28	5	28	791110
29	40	0	641363
18	23	1	1
25	1	9	8108164
27	3	43	8746
28	1	153	42237787
29	40	1	15
19	54	98	142830
20	21	159	35111
26	2	27	4252436
26	68	-1	2
27	1	106	918982
27	37	-1	208245
28	4	61	85423
19	24	20	136312710
21	57	101	57364
26	68	0	46802
27	37	0	398390
28	37	48	2180161
29	72	20	154
19	24	21	1553216
19	57	8	301230
21	21	210	135237
26	3	-1	2
18	20	99	24
20	23	101	1
22	57	152	4149513
25	1	14	35501
27	3	48	333721
28	38	20	239908
28	70	37	4327561
22	57	153	848404
18	20	101	7
21	57	106	10730
23	31	-1	609
25	1	16	5591053
29	37	101	8403247
21	57	107	127571
23	31	0	3793250
28	5	37	10632568
19	54	106	3
20	57	60	45873158
19	57	14	353066
20	57	61	1374
25	31	98	9451388
26	68	8	24657892
27	37	8	11539343
28	3	101	10
28	68	104	469512
29	68	152	476560
18	54	60	2998576
25	1	20	100739946
26	2	37	68419624
27	37	9	6
29	37	105	913
29	68	153	4812
18	20	106	18
18	54	61	10729
25	1	21	3760024
29	37	106	11
18	20	107	10
18	56	0	7
24	0	5	46
25	31	101	271
26	3	8	45247199
28	3	104	108005
29	3	152	443434
21	21	220	33405735
22	61	37	54360
26	3	9	79142
28	5	43	24846634
28	37	60	4166
29	3	153	138347
18	20	109	1
27	70	-1	7
28	3	106	27118
28	37	61	212949
28	68	109	1
29	37	109	5
19	57	20	16876
23	31	8	227270117
25	31	104	4988855
26	31	152	30207911
27	4	28	74
27	37	14	2179306
27	70	0	479387
28	3	107	72459
28	70	48	45
29	8	0	11219
23	31	9	72677
26	2	43	124592807
26	31	153	44242516
27	3	60	67141956
25	1	27	5559
25	31	106	11332
26	2	44	419602782
27	37	16	3886203
28	3	109	6
19	24	37	18040334
25	1	28	141998312
27	5	0	2824842
29	40	20	3
27	5	1	31616687
29	3	159	2992
29	70	101	2
24	33	0	3
25	2	0	131993517
26	2	48	103456118
26	68	20	7
27	37	20	12981422
28	38	37	203
23	64	1	1013039
24	33	1	1
26	68	21	5505
27	37	21	1225799
21	61	-1	12
25	64	98	284945
27	70	8	37726257
29	5	101	485483
29	8	8	868384
29	70	104	6331783
22	61	48	7613549
25	64	99	32165176
29	8	9	1122457
27	2	101	132648739
27	5	8	242293794
29	5	104	12581549
23	31	20	272259074
25	1	37	126399212
27	5	9	334989
28	70	60	1105606853
18	24	-1	35
23	31	21	93602
28	2	151	43849706
28	70	61	3349064
29	5	106	11175
18	24	0	14110080
19	24	48	1
25	2	8	118608064
25	64	104	966
27	2	104	41997632
27	37	28	1
28	2	152	48363598
28	72	0	279579
25	2	9	2247061
27	2	105	5810190
27	4	43	6033120
28	2	153	27171317
29	41	1	2
25	64	106	31337
27	2	106	23985
27	38	-1	1326
28	5	61	1080440
29	8	16	3789488
19	57	37	68
21	58	101	2
21	61	8	15595875
23	61	104	770
25	64	107	3999045
26	3	28	9284718
27	38	0	52813
28	2	155	233183137
24	64	60	483474686
25	1	43	60858240
18	21	98	2900
23	31	27	171339
27	2	109	28
29	38	98	50856
20	24	101	3068570
22	58	152	2360131
27	4	48	319483
27	70	20	890688
29	8	20	7646539
29	38	99	2
22	58	153	51282
22	61	60	11094409
27	70	21	98231
29	8	21	275
18	21	101	335772
18	24	8	523064588
25	2	16	101724729
18	24	9	27615
20	24	104	46391392
21	24	152	44857916
21	61	14	40633910
24	1	0	32597113
25	1	48	41182213
26	68	37	1394266
27	5	20	95732743
27	37	37	1186702
20	58	60	61711449
21	24	153	40250118
21	27	60	1
24	1	1	53155
27	5	21	2314031
18	21	104	56002226
19	21	152	213065551
20	58	61	15496
21	24	154	706592
19	21	153	1110232797
25	2	20	184495001
26	3	37	8181
27	38	9	229616
18	57	-1	1679
19	21	154	51262665
19	24	61	24521598
22	58	159	1
25	2	21	106298086
29	38	106	3
18	24	14	934095
18	57	0	380
19	57	48	820
20	24	109	1
26	1	101	146353058
26	4	8	495356
28	4	104	1789
29	4	152	10942
29	8	28	23083
21	61	20	3
23	31	37	243598
29	4	153	8346
27	1	151	2773648
27	5	27	1903
28	4	106	64
28	40	-1	18
29	9	-1	1
24	1	8	74627782
26	1	104	20117890
27	1	152	54193128
27	5	28	747628
28	4	107	950
28	40	0	1197566
29	9	0	242044676
19	21	159	35647
24	1	9	18585582
26	3	43	52086
27	1	153	44540197
28	40	1	21
18	54	98	94277
22	24	210	7607
25	2	27	4315070
25	68	-1	8
26	1	106	102881
26	37	-1	370
18	24	20	450058522
18	54	99	3
25	68	0	107249
26	37	0	439305
27	37	48	2981662
28	72	20	19
18	24	21	1332027
18	57	8	25474210
19	23	101	3
20	21	210	220411
26	1	109	20
21	57	152	4211328
21	61	28	1
24	1	14	27736
26	3	48	2477246
27	38	20	514256
27	70	37	424019
29	8	37	2343
21	57	153	752310
20	57	106	154
22	31	-1	222
24	1	16	3839659
28	37	101	18587752
29	9	8	35558840
19	57	60	7079142
22	31	0	3616308
27	5	37	10634307
29	9	9	24227928
18	54	106	4
19	57	61	1107
29	37	151	470487
18	54	107	7
18	57	14	10577764
24	31	98	10367605
25	68	8	36146688
26	37	8	8914309
27	3	101	4
27	68	104	2928901
28	68	152	1300178
29	37	152	1979463
24	1	20	68224859
25	2	37	62810006
28	37	105	1255
28	68	153	7891
29	37	153	11942336
24	1	21	5178832
28	37	106	97
29	40	61	513
18	56	48	1
23	0	5	33
24	31	101	6
25	3	8	244028
27	3	104	55874
28	3	152	931884
28	37	107	2346
20	21	220	50509430
21	61	37	36452
27	5	43	15609307
27	37	60	4489
28	3	153	246289
27	3	106	674806
27	68	109	7
28	8	-1	3
28	37	109	25
29	9	16	110452019
18	57	20	995986
22	31	8	231053217
24	31	104	10046916
25	31	152	9137077
26	4	28	63
26	37	14	1225174
26	70	0	975403
27	3	107	393347
27	70	48	10
28	8	0	13533
29	8	48	1113512
18	57	21	11430
22	31	9	122913
25	2	43	116237202
25	31	153	21433051
26	3	60	11410487
24	1	27	3546
24	31	106	22754
25	2	44	451536237
26	37	16	3892864
27	3	109	19
18	24	37	19504284
24	1	28	142337929
26	5	0	2221466
28	40	20	23
29	9	20	129448939
26	5	1	32008579
28	3	159	6301
29	9	21	12821705
28	70	101	111
23	33	0	4
24	2	0	213797113
25	2	48	94122963
26	37	20	7833621
27	38	37	129
28	5	99	2
22	64	1	1604793
25	68	21	27185
26	37	21	1882135
24	64	98	299127
26	70	8	38451805
28	5	101	1018902
28	8	8	1030563
28	70	104	5622898
29	70	152	2260198
21	61	48	6025402
24	64	99	30865970
26	70	9	518105
28	8	9	1585140
29	70	153	2324255
26	2	101	180304583
26	5	8	243964681
28	5	104	34008855
28	40	28	232
29	5	152	10689555
22	31	20	244492215
24	1	37	124940341
26	5	9	242100
27	70	60	1332330952
29	5	153	38195746
22	31	21	86065
27	2	151	44777578
28	5	106	2419642
28	70	109	12
29	5	154	20707669
29	8	61	845689
18	24	48	27
24	2	8	119295320
24	64	104	862
26	2	104	73722918
26	37	28	6
27	2	152	48647089
27	72	0	122231
28	5	107	17096
29	10	0	764776
24	2	9	3545820
26	2	105	9933871
26	4	43	6343806
27	2	153	25633519
28	41	1	9
24	64	106	31631
26	2	106	44265
26	38	-1	1
28	5	109	1
28	8	16	3626880
29	10	2	99699
18	57	37	128794
22	61	104	4932517
23	61	152	321210
24	64	107	5479355
25	3	28	74339
26	38	0	187
27	2	155	251386806
23	61	153	128781
23	64	60	411263617
24	1	43	66138824
29	5	159	180509
19	24	101	2085997
22	31	27	140953
26	2	109	118
28	38	98	85513
29	72	101	3
21	58	152	1483462
26	4	48	340592
28	8	20	11622061
28	38	99	1
29	9	37	107837277
21	58	153	22699
21	61	60	16122115
26	70	21	54047
28	8	21	1156
19	24	104	13674551
21	61	61	1087
23	1	-1	1137
24	2	16	117628438
27	72	8	1
28	38	101	2
29	10	8	92247071
19	58	60	28409013
20	24	152	46594270
23	1	0	51726621
24	1	48	40743289
25	68	37	2122507
26	5	20	94339924
26	37	37	1374371
27	72	9	4
29	10	9	474885
19	58	61	6555
20	24	153	39901896
23	1	1	156529
23	61	159	77
26	5	21	2032778
29	38	151	696
18	21	152	229971639
20	24	154	1640659
26	38	8	2774
18	21	153	1273020847
24	2	20	158985043
25	3	37	2
26	38	9	220145
29	9	43	140107414
29	41	60	2244
18	21	154	44000260
18	24	61	26813011
21	58	159	3
24	2	21	64330917
28	38	106	13
18	57	48	216561
25	1	101	80387948
25	4	8	326038
27	4	104	19204
28	4	152	49058
28	8	28	30296
28	38	107	30
29	10	14	1034222
22	31	37	316954
28	4	153	40989
26	1	151	2757412
26	5	27	1158
27	4	106	2033
27	40	-1	5162
28	9	-1	15
28	38	109	19
29	10	16	423385
23	1	8	82172347
25	1	104	12256139
26	1	152	50074524
26	5	28	713397
27	4	107	6252
27	40	0	1339823
28	9	0	736891203
29	9	48	83068806
18	21	159	37354
23	1	9	26935625
25	3	43	472
26	1	153	43651094
27	40	1	52
19	57	101	50
21	24	210	34571
24	2	27	3529346
24	68	-1	1
25	1	106	51994
25	37	-1	553
24	68	0	95728
25	37	0	183639
26	37	48	2701476
27	72	20	110
29	10	20	36911243
19	21	210	120818
29	10	21	116276
29	40	101	14
23	1	14	23702
25	3	48	11848
26	38	20	153484
26	70	37	7652960
28	8	37	2871
19	57	106	54
23	34	1	1
26	38	21	1288
21	31	-1	41
23	1	16	4578548
26	68	101	16320
27	37	101	5060142
28	9	8	77207101
18	57	60	22548864
21	31	0	3197559
26	5	37	10687629
28	9	9	61884372
18	57	61	3517
28	37	151	905995
29	40	106	1
23	31	98	10639853
24	68	8	33915374
25	37	8	8117938
26	68	104	1054673
27	68	152	1365648
28	37	152	3428406
23	1	20	2684410
24	2	37	65000088
27	37	105	13980
27	68	153	6660
28	37	153	27066873
23	1	21	6311295
27	37	106	14743
28	40	61	199
29	9	61	266363
19	21	220	48297670
22	0	5	90
23	31	101	6
24	3	8	249325
26	3	104	942029
27	3	152	1231377
27	37	107	19454
26	5	43	15130261
26	37	60	4118
27	3	153	184707
25	70	-1	10
26	3	106	44250
27	8	-1	32
27	37	109	293
28	9	16	96311168
21	31	8	318251853
23	31	104	11539176
24	31	152	11616129
25	4	28	68
26	3	107	7269
26	70	48	2
27	8	0	14328
28	8	48	1530407
21	31	9	163721
24	2	43	128101977
24	31	153	24368088
25	3	60	86334341
23	1	27	3809
23	31	106	44551
24	2	44	456365113
25	37	16	3279049
23	1	28	174136986
23	31	107	66479
25	5	0	1680617
27	40	20	375
28	9	20	67798129
29	10	37	3194871
25	5	1	32467222
27	3	159	3210
28	9	21	71944540
23	2	-1	3390
29	8	101	758444
22	33	0	4
23	2	0	305369507
24	2	48	98450440
25	37	20	6703300
26	38	37	54
27	5	99	2
21	64	1	9863869
22	33	1	2
24	68	21	22739
25	37	21	1238149
19	61	0	498990
23	64	98	247975
25	70	8	55629418
27	5	101	1112111
27	8	8	911039
27	70	104	2364467
28	70	152	4732355
29	8	104	45911
23	64	99	29178561
25	70	9	2318304
27	8	9	723347
28	70	153	4434559
29	8	105	40144
28	5	151	105
29	8	106	98
29	10	44	71755057
25	2	101	198181354
25	5	8	306389588
27	5	104	19927065
28	5	152	21185427
21	31	20	177295886
23	1	37	137049086
25	5	9	203614
26	70	60	1330194771
28	5	153	83547238
21	31	21	96665
26	2	151	39564992
27	5	106	873769
27	70	109	9
28	5	154	31189869
28	8	61	269901
28	10	-1	12
23	2	8	144190610
23	64	104	572
25	2	104	48773145
25	37	28	3
26	2	152	43779427
28	10	0	828088
29	10	48	15869713
23	2	9	6259223
25	2	105	15837552
25	4	43	6224350
26	2	153	24310280
27	41	1	11
19	61	8	2566380
23	64	106	7748
25	2	106	15049
27	8	16	5006314
28	10	2	242482
28	72	98	1
21	61	104	554076
22	61	152	5964389
23	64	107	1296940
24	3	28	68619
26	2	155	236916288
22	61	153	1212284
22	64	60	405556163
23	1	43	63217352
28	5	159	343031
18	24	101	1923087
21	31	27	164380
27	38	98	71452
28	72	101	1
25	4	48	339175
27	8	20	13300390
27	38	99	3
28	9	37	185826480
20	61	60	68864502
27	8	21	1135
18	24	104	61384084
19	24	152	49410402
20	61	61	1991
22	1	-1	2
23	2	16	131965130
28	10	8	99568101
18	58	60	72218086
19	24	153	41565969
22	1	0	52592972
23	1	48	50651599
24	68	37	2039929
25	5	20	106089903
25	37	37	1085331
28	10	9	1421071
18	58	61	18807
19	24	154	7047694
22	1	1	66645
22	61	159	3320
25	5	21	2114746
28	38	151	1256
28	72	106	1
28	72	107	27
23	2	20	107852732
28	9	43	260943171
28	41	60	9624
23	2	21	51081286
27	38	106	94
28	72	109	1
29	10	61	7742007
19	61	20	1242948
24	1	101	98215515
24	4	8	532606
26	4	104	954
27	4	152	65278
27	8	28	28917
27	38	107	100
28	10	14	2328832
19	61	21	492299
21	31	37	392906
26	38	60	435246
27	4	153	44549
29	12	1	88
25	1	151	2320477
25	5	27	1553
26	4	106	143
26	40	-1	9
27	9	-1	403
28	10	16	894820
22	1	8	85304820
24	1	104	14450136
25	1	152	40457537
25	5	28	1003081
26	4	107	215
26	40	0	1220837
27	9	0	325248359
28	9	48	148328385
22	1	9	27421218
24	3	43	448
25	1	153	46440923
26	40	1	125
18	57	101	1635181
20	24	210	9065
23	2	27	4294729
23	68	-1	17
24	1	106	51708
24	37	-1	292
29	9	98	5878301
23	68	0	67282
24	37	0	140650
25	37	48	2509423
28	10	20	146244732
18	21	210	160228
28	10	21	227670
19	57	152	65593
23	3	-1	1
28	40	101	15
29	9	101	308231907
19	57	153	1726
22	1	14	28926
24	3	48	12880
25	70	37	11428110
27	8	37	4224
18	57	106	1056
22	34	1	1
18	57	107	1815
20	31	-1	31
22	1	16	4678369
25	68	101	84379
26	37	101	10615513
27	9	8	165832591
29	9	104	27980754
20	31	0	3293918
25	5	37	15798647
27	9	9	75937418
29	9	105	1108964
18	57	109	1
27	37	151	917766
28	40	106	21
29	9	106	17729
22	31	98	10126126
23	68	8	25748980
24	37	8	9262367
25	68	104	1424899
26	68	152	1073537
27	37	152	4408602
28	40	107	87
22	1	20	2743433
23	2	37	70990025
24	37	9	22
26	37	105	69133
26	68	153	11253
27	37	153	42797266
22	1	21	5677398
26	37	106	657
28	9	61	96240
28	40	109	4
18	21	220	53918945
19	61	37	1927
21	0	5	75
22	31	101	7
23	3	8	2616975
25	3	104	1507
26	3	152	4402006
26	37	107	590
23	3	9	223
25	5	43	22799604
25	37	60	5363
26	3	153	625737
24	70	-1	1
25	3	106	113038
26	37	109	17
27	9	16	234871514
20	31	8	315446030
22	31	104	32898449
23	31	152	33011180
24	4	28	56
25	3	107	14421573
25	70	48	1
26	8	0	18929
27	8	48	2126032
20	31	9	162821
23	2	43	127190946
23	31	153	49636783
24	3	60	84161524
22	1	27	2924
22	31	106	31911
23	2	44	420483564
24	5	-1	1
24	37	16	3366450
22	1	28	166882510
24	5	0	2341900
26	40	20	668
27	9	20	623171849
28	10	37	5463530
24	5	1	31296024
26	3	159	23053
27	9	21	50014220
21	31	61	3434421
22	2	-1	2590
22	31	109	1
26	70	101	60
28	8	101	2727818
21	33	0	3
22	2	0	230319525
23	2	48	110164785
24	37	20	8148931
26	5	99	2
18	61	-1	3
20	64	1	52660273
21	33	1	73
23	68	21	17009
24	37	21	587463
18	61	0	3001949
19	61	48	499649
22	64	98	289861
24	70	8	53695102
26	5	101	2374455
26	8	8	846035
26	70	104	1626340
27	70	152	978132
28	8	104	85970
29	8	152	1051698
22	64	99	25625721
23	3	20	1666
24	70	9	1851655
26	8	9	2203033
27	70	153	1196503
28	8	105	104425
29	8	153	146089
27	5	151	410
28	8	106	426
28	10	44	134510308
24	2	101	191084767
24	5	8	291926029
26	5	104	14848519
27	5	152	23433747
28	8	107	745
20	31	20	176063515
22	1	37	132567667
24	5	9	577494
25	70	60	1483079243
27	5	153	80360690
20	31	21	75850
25	2	151	30350595
26	5	106	46157
26	70	109	6
27	5	154	35753563
27	10	-1	1330
28	8	109	19
22	2	8	89767839
22	64	104	439
24	2	104	81125443
24	37	28	6
25	2	152	28407008
27	10	0	750780
28	10	48	26558485
22	2	9	5327944
24	2	105	12670963
24	4	43	6281326
25	2	153	31261664
26	41	1	3
18	61	8	5986667
22	64	106	6526
24	2	106	34939
26	8	16	2385302
27	10	2	251827
27	72	98	1
21	61	152	5962442
22	64	107	224101
23	3	28	423333
24	5	14	41849
24	38	0	71
25	2	155	258194563
21	61	153	748146
21	64	60	410671754
22	1	43	62342866
27	5	159	383471
20	31	27	158267
21	64	61	103785
23	4	-1	4
26	38	98	69563
29	10	101	1183671
19	61	60	72690914
24	4	48	347275
26	8	20	7787642
27	9	37	174033325
19	61	61	1614
23	3	32	208
24	70	21	11575
26	8	21	459
18	24	152	54421135
21	1	-1	75
22	2	16	143337916
26	38	101	19
27	10	8	129657588
29	10	104	1310173
18	24	153	42689653
18	27	60	1
21	1	0	46586908
22	1	48	50683590
23	68	37	1417032
24	5	20	100164127
24	37	37	1087766
27	10	9	1614751
29	10	105	235241
18	24	154	9953788
21	1	1	15251
21	61	159	2940
24	5	21	2383790
27	38	151	1092
27	72	106	64
29	10	106	918
24	38	8	38942
27	72	107	104
28	41	107	1
22	2	20	100704870
23	3	37	122
27	9	43	288194898
27	41	60	8012
22	2	21	57126691
26	38	106	16
27	72	109	9
28	10	61	3690214
18	61	20	13112457
23	1	101	195971415
23	4	8	487656
25	4	104	500
26	4	152	57930
26	8	28	25173
26	38	107	5
27	10	14	2267029
18	61	21	1417
20	31	37	283669
25	38	60	718793
26	4	153	35865
28	12	1	296
24	1	151	1751400
24	5	27	1557
25	4	106	344
25	40	-1	5
26	9	-1	89
26	38	109	7
27	10	16	840350
21	1	8	80015431
23	1	104	18959650
24	1	152	44010918
24	5	28	977526
25	4	107	121059
25	40	0	1252470
26	9	0	356114269
27	9	48	155945811
19	24	210	141968
21	1	9	20605247
23	3	43	2466
24	1	153	44792751
25	40	1	283
22	2	27	3575111
22	68	-1	47
23	1	106	83352
23	37	-1	780
28	9	98	11861050
22	68	0	86182
23	37	0	234408
24	37	48	2579103
27	10	20	111038331
27	10	21	260974
18	57	152	2930832
22	3	-1	178
23	1	109	77
27	40	101	6
28	9	101	429044614
18	57	153	455461
21	1	14	24738
23	3	48	87345
24	38	20	408
24	70	37	8467789
26	8	37	15861
19	31	-1	22
22	3	1	2
29	9	151	33385698
19	31	0	2480371
21	1	16	4639350
24	68	101	82105
25	37	101	8886121
26	9	8	101318551
28	9	104	83748229
29	9	152	76653108
24	5	37	16256353
26	9	9	97304589
28	9	105	2097786
29	9	153	188889134
29	12	60	9342
26	37	151	905695
27	40	106	408
28	9	106	91990
29	12	61	68
21	31	98	10191655
22	68	8	20358203
23	37	8	11432029
24	68	104	2136623
25	68	152	1466860
26	37	152	3915227
27	40	107	529
29	9	155	8032159
21	1	20	2810049
22	2	37	61199499
22	68	9	276
23	37	9	31
25	37	105	274567
25	68	153	8590
26	37	153	38413489
29	14	1	11324
21	1	21	4638850
25	37	106	3578
27	40	109	54
28	9	109	252
18	61	37	8642
20	0	5	69
21	31	101	13
22	3	8	32783026
24	3	104	1937
25	3	152	24293
25	37	107	415641
22	3	9	1714
24	5	43	22366439
24	37	60	4698
25	3	153	4049
19	31	8	335859149
23	70	-1	62
24	3	106	103859
25	8	-1	1
26	9	16	176107756
19	31	9	119566
21	31	104	14305766
22	31	152	55168429
23	4	28	90
23	37	14	980995
23	70	0	286236
24	3	107	19179384
25	8	0	6904
26	8	48	1846080
22	2	43	136550063
22	31	153	42284094
23	3	60	72544429
21	1	27	5533
21	31	106	25503
22	2	44	419736075
23	5	-1	510
23	37	16	2754943
21	1	28	166084040
22	3	14	133521
23	5	0	3447223
25	40	20	1053
26	9	20	436839004
27	10	37	6227210
23	5	1	25421406
25	3	159	104
26	9	21	107044313
20	31	61	5290561
21	2	-1	234
25	70	101	1
27	8	101	1448825
19	64	1	29027593
20	33	0	1
21	2	0	378298659
22	2	48	109456737
23	37	20	6753298
24	38	37	1
25	5	99	2
22	68	21	19260
23	37	21	1107272
18	61	48	2250199
21	64	98	271832
23	70	8	38006923
25	5	101	3451946
25	8	8	846969
25	70	104	1749511
26	70	152	1430387
27	8	104	108306
28	8	152	1657531
21	64	99	9342602
22	3	20	5908
23	70	9	1034902
25	8	9	550224
26	70	153	1079031
27	8	105	182161
28	8	153	210079
22	3	21	14664032
26	5	151	295
27	8	106	9562
27	10	44	135384694
19	31	20	185022352
23	2	101	197116550
23	5	8	231887322
25	5	104	14684895
26	5	152	22996598
27	8	107	5274
