23	2	104	246913
24	2	152	218521
21	2	9	98
23	2	105	54020
23	4	43	112
24	2	153	213303
23	38	0	32
24	2	155	276135
23	2	109	2
25	38	98	8
23	4	48	6
26	9	37	38
21	2	16	18527
21	2	20	28725
26	9	43	131
21	2	21	701437
24	38	60	285
25	9	0	44180
26	9	48	2110
29	15	8	249452
27	9	101	3922
23	38	20	331
25	9	8	12116
27	9	104	6025
28	9	152	3447
25	9	9	27933
27	9	105	2
28	9	153	2163
28	9	155	9574
21	2	37	3660
25	9	16	5409
21	2	43	415
25	9	20	40953
25	9	21	20313
20	2	0	1689207
21	2	48	565359
22	2	101	468234
20	2	8	115963
22	2	104	587860
23	2	152	244397
29	15	37	28
20	2	9	65
22	2	105	39945
22	4	43	84
23	2	153	135478
22	38	0	61
23	2	155	255156
20	1	43	4
21	2	61	188
24	38	98	7
22	4	48	1
25	9	37	38
29	15	43	52
20	2	16	304837
25	10	8	1
20	2	20	516073
22	38	9	10
25	9	43	283
20	2	21	175280
24	38	107	3
24	9	0	45844
25	9	48	2941
20	2	27	65
28	15	8	495703
26	9	101	15605
22	38	20	291
29	15	61	197
24	9	8	11663
26	9	104	12064
27	9	152	8400
24	9	9	48070
26	9	105	4
27	9	153	6955
27	9	155	9876
20	2	37	6288
24	9	16	15125
20	2	43	472
24	9	20	28933
24	9	21	9870
19	2	0	2534064
20	2	48	593818
21	2	101	233922
19	2	9	1
21	2	104	214897
22	2	152	334874
28	15	37	69
21	2	105	8891
21	4	43	23
22	2	153	101068
19	1	43	7
21	38	0	60
22	2	155	232582
20	2	61	335
23	38	98	9
21	4	48	3
24	9	37	26
28	15	43	129
19	2	16	9349
19	2	20	3644
21	38	8	4
19	2	21	491021
24	9	43	272
23	9	0	42072
24	9	48	3347
27	15	8	460855
29	15	104	1995
25	9	101	34115
21	38	20	11
23	9	8	13023
25	9	104	13995
26	9	152	7981
23	9	9	53111
25	9	105	12
26	9	153	6938
19	2	37	4169
26	9	155	10935
23	9	16	21632
19	2	43	438
23	9	20	18857
23	9	21	7994
18	2	0	2255474
19	2	48	570797
20	2	101	83787
18	2	9	4476
20	2	104	321736
21	2	152	365109
27	15	37	108
20	2	105	38993
21	2	153	104633
18	1	43	4
21	2	155	214749
19	2	61	330
22	38	98	7
23	9	37	136
27	15	43	126
18	2	16	7207
22	2	210	11177
18	2	20	42347
20	38	8	17
18	2	21	586793
23	9	43	302
22	38	107	1
21	38	60	277
22	9	0	40384
23	9	48	4234
26	15	8	438514
28	15	104	6195
29	15	152	5703
29	15	153	306
24	9	101	13231
22	9	8	236
24	9	104	16921
25	9	152	7695
22	9	9	43321
24	9	105	5
25	9	153	7694
18	2	37	6010
25	9	155	12583
22	9	16	21773
18	2	43	566
22	9	20	25266
22	9	21	5883
18	2	48	569422
19	2	101	219842
19	2	104	141854
19	2	105	7688
20	2	152	374742
26	15	37	105
20	2	153	95333
19	38	0	357
20	2	155	230070
18	2	61	333
21	38	98	10
22	9	37	63
26	15	43	131
25	15	0	64143
22	9	43	293
20	38	60	302
21	9	0	39707
22	9	48	3004
25	15	8	98781
27	15	104	18171
28	15	152	12048
21	2	220	157614
28	15	153	1215
23	9	101	15273
23	9	104	9244
24	9	152	6805
21	9	9	5606
23	9	105	65
24	9	153	7324
24	9	155	10734
25	15	20	164153
25	15	21	388182
21	9	16	2152
21	9	20	879
21	9	21	10047
18	2	101	121215
18	2	104	454369
19	2	152	397300
18	2	105	10632
19	2	153	102087
25	15	37	92
29	21	43	5833021
18	38	0	403
19	2	155	240445
20	38	98	11
21	9	37	29
25	15	43	146
24	15	0	48497
21	9	43	277
20	9	0	6640
21	9	48	2597
29	21	61	76
24	15	8	91678
26	15	104	10862
27	15	152	13406
20	2	220	214980
27	15	153	1806
22	9	101	22354
20	9	8	1598
22	9	104	19031
23	9	152	9866
20	9	9	11322
22	9	105	38
23	9	153	8604
23	9	155	10476
21	9	61	160
24	15	20	248163
24	15	21	348588
20	9	16	2362
20	9	20	2323
20	9	21	310
18	2	152	365410
18	2	153	85946
24	15	37	128
28	21	43	8699863
18	2	155	215382
19	38	98	11
27	21	-1	8
20	9	37	24
24	15	43	162
19	2	210	10
23	15	0	22926
20	9	43	329
29	21	104	438
19	9	0	12102
20	9	48	2319
28	21	61	165
19	2	220	242566
23	15	8	71079
25	15	104	22404
26	15	152	13330
26	15	153	2806
21	9	101	6867
19	9	9	2949
21	9	104	2686
22	9	152	12579
22	9	153	12890
22	9	155	11757
20	9	61	42
23	15	20	116845
19	9	16	103
23	15	21	283947
19	9	20	2
19	9	21	926
23	15	37	41
27	21	43	8466742
18	38	98	9
19	9	37	8
23	15	43	122
19	9	43	771
22	15	0	27496
28	21	104	709
18	9	0	13427
19	9	48	2613
24	15	101	1
18	2	220	208967
22	15	8	66359
24	15	104	39658
25	15	152	18250
25	15	153	9623
20	9	101	132
18	9	9	5567
20	9	104	2314
21	9	152	8750
20	9	105	7
21	9	153	11989
21	9	155	12621
19	9	61	26
22	15	20	96315
18	9	16	28
22	15	21	217548
22	9	210	1106
18	9	20	84
18	9	21	558
22	15	37	45
26	21	43	4509560
18	9	37	3
22	15	43	111
18	9	43	164
21	15	0	38049
27	21	104	634
18	9	48	3081
23	15	101	1
21	15	8	27201
23	15	104	11046
24	15	152	12934
21	15	9	28
24	15	153	9926
19	9	101	665
19	9	104	664
19	9	105	2
20	9	152	7704
20	9	153	10632
20	9	155	11269
18	9	61	6
21	15	20	132606
21	15	21	78797
21	9	210	8
21	9	220	66927
21	15	37	33904
25	21	43	89
21	15	43	126
20	15	0	34767
26	21	104	219
20	15	8	17381
22	15	104	25760
23	15	152	13730
23	15	153	5839
18	9	101	400
18	9	104	3059
19	9	152	4694
18	9	105	3
19	9	153	9498
19	9	155	11553
20	15	20	47943
20	15	21	7419
20	9	220	93188
20	15	37	77758
24	21	43	246
20	15	43	85
19	15	0	20547
21	15	101	13
19	15	8	18156
21	15	104	5219
22	15	152	18609
22	15	153	4105
18	9	152	6356
18	9	153	11773
18	9	155	15764
19	15	20	55918
19	15	21	21146
19	9	210	1
19	9	220	58567
19	15	37	77725
23	21	43	42
19	15	43	51
18	15	0	28636
18	15	8	36886
18	15	9	20840
20	15	104	10241
21	15	152	22958
21	15	153	2750
18	15	21	31475
18	9	220	86407
18	15	37	88262
22	21	43	8
18	15	43	130
19	15	104	3363
20	15	152	19484
20	15	153	1388
21	15	220	125877
28	33	0	1
29	2	0	678100
21	21	43	32
29	2	9	430
29	2	16	560044
29	2	20	288658
29	2	21	128630
18	15	101	1835
18	15	104	13593
19	15	152	24074
19	15	153	1464
29	2	27	12
29	2	37	4988
29	2	43	379
20	15	220	240930
27	33	0	64
28	2	0	2141927
29	2	48	424236
20	21	43	51
28	2	9	10533
28	1	43	1
29	2	61	1256
28	2	16	11144
27	33	20	1
28	2	20	77499
28	2	21	409502
18	15	152	23028
18	15	153	1398
28	2	37	5657
28	2	43	473
19	15	220	240567
27	2	0	926112
28	2	48	622446
29	2	101	1044504
19	21	43	38
27	2	8	133900
29	2	104	71915
27	2	9	4927
29	2	105	1899
29	4	43	68
29	38	0	74
27	1	43	9
28	2	61	27
29	4	48	3
27	2	16	546901
29	38	8	35
27	2	20	1424676
29	38	9	1
27	2	21	267234
29	1	152	4
27	2	27	35
29	4	61	3
29	38	20	106
27	2	37	5371
27	2	43	631
27	34	60	13
18	15	220	260869
26	2	0	967161
27	2	48	622448
28	2	101	1260548
18	21	43	86
28	2	104	131009
29	2	152	192773
26	2	9	132
28	2	105	3765
28	4	43	90
29	2	153	82760
28	38	0	214
29	2	155	265343
28	2	109	1
28	4	48	16
26	2	16	327503
26	2	20	983214
28	38	9	2
26	2	21	609891
26	2	27	13
28	4	61	10
28	38	20	79
26	2	37	4004
26	2	43	492
25	2	0	1219681
26	2	48	537541
27	2	101	414693
25	2	8	171957
27	2	104	217269
28	2	152	221487
25	2	9	6
27	2	105	18585
27	4	43	145
28	2	153	128908
27	38	0	19
28	2	155	230875
25	1	43	1
29	38	98	5
27	4	48	12
25	2	16	99958
25	2	20	1059159
27	38	9	76
25	2	21	854030
29	9	0	2925
25	2	27	32
27	38	20	183
29	9	8	55
29	9	9	436
25	2	37	6258
29	9	16	1166
25	2	43	596
29	9	20	150
24	2	0	1777834
25	2	48	641101
26	37	20	1
26	2	101	416541
24	2	8	162636
26	2	104	268560
27	2	152	213331
24	2	9	11
26	2	105	16464
26	4	43	125
27	2	153	104532
27	2	155	230272
24	1	43	3
28	38	98	12
26	4	48	3
29	9	37	3
24	2	16	294211
26	38	8	1
24	2	20	973026
26	38	9	96
29	9	43	169895
24	2	21	814291
27	4	104	1
28	9	0	31972
29	9	48	1462
24	2	27	233
26	38	20	61
28	9	8	14
28	9	9	1637
24	2	37	6435
29	9	61	12
28	9	16	1266
24	2	43	556
28	9	20	985
28	9	21	496
23	2	-1	11
23	2	0	1583511
24	2	48	707668
25	2	101	1346712
23	2	8	136062
25	2	104	326384
26	2	152	195987
23	2	9	689
25	2	105	47139
25	4	43	171
26	2	153	98754
26	2	155	252798
23	1	43	3
27	38	98	10
25	4	48	3
28	9	37	16
23	2	16	611537
23	2	20	687221
28	9	43	119656
23	2	21	548281
26	38	60	187
27	9	0	35662
28	9	48	2167
23	2	27	80
29	9	101	8693
27	9	8	9889
29	9	104	166
27	9	9	7189
23	2	37	5780
28	9	61	9
27	9	16	31355
23	2	43	577
27	9	20	75264
27	9	21	3054
22	2	-1	5
22	2	0	1214282
23	2	48	664634
24	2	101	1159110
24	2	104	545363
25	2	152	215434
22	2	9	43
24	2	105	40898
24	4	43	168
25	2	153	188978
25	2	155	276041
22	1	43	1
26	38	98	8
27	9	37	17
22	2	16	636393
21	1	0	1
24	38	8	20
22	2	20	539315
27	9	43	340
22	2	21	267300
25	38	60	282
21	1	8	1
26	9	0	50410
27	9	48	2913
22	2	27	36
28	9	101	25126
24	38	20	1
26	9	8	115
28	9	104	3820
26	9	9	18167
29	9	153	61
29	9	155	8725
22	2	37	4003
26	9	16	17426
22	2	43	588
26	9	20	43853
26	9	21	14188
21	2	0	2219315
22	2	48	600362
23	2	101	605601
