20	204	71818197
20	205	51194125
20	206	115309921
21	204	83403941
21	205	52747964
21	206	114360374
10	204	56380182
10	205	50912501
10	206	113210301
22	204	79995697
22	205	56762087
22	206	84433460
11	204	70752586
11	205	34773502
11	206	92874919
23	204	60992749
23	205	47470348
23	206	56726791
00	204	534980
00	205	3673321
00	206	8601910
12	204	58126857
12	205	28189704
12	206	78527075
01	204	227714
01	205	1038396
01	206	3593631
13	204	63564318
13	205	34117454
13	206	87308541
02	204	144333
02	205	433471
02	206	37414
14	204	70134905
14	205	37324060
14	206	94967029
03	204	104947
03	205	341194
03	206	369
15	204	75053897
15	205	38568846
15	206	101001429
04	204	96319
04	205	317603
16	204	78228784
16	205	41166547
16	206	111388690
05	204	148660
05	205	369206
05	206	18
17	204	72734051
17	205	40972987
17	206	103765788
06	204	3017536
06	205	643091
06	206	2611575
18	204	63950580
18	205	41346051
18	206	93980454
07	204	4132138
07	205	1432600
07	206	9780027
19	204	66594371
19	205	48589474
19	206	99950236
08	204	4535162
08	205	14951617
08	206	71106621
09	204	9336677
09	205	36597983
09	206	106366219
