20	204	266272510
20	205	26376666
20	206	205415005
21	204	263407765
21	205	33302506
21	206	191165085
10	204	132307923
10	205	14071771
10	206	281339272
22	204	242794767
22	205	50865132
22	206	161165186
11	204	110781295
11	205	13744415
11	206	236595678
23	204	182424022
23	205	68058334
23	206	112316173
00	204	697583
00	205	32094633
00	206	52600208
12	204	92962251
12	205	12244433
12	206	215837348
01	204	1
01	205	18600192
01	206	26188294
13	204	98415758
13	205	14620153
13	206	225203240
02	205	12460564
02	206	801323
14	204	141090037
14	205	17547122
14	206	245779961
03	205	9790188
03	206	494829
15	204	161797975
15	205	15176453
15	206	256397338
04	205	9355218
04	206	398194
16	204	165643711
16	205	14751254
16	206	239415558
05	205	14113400
05	206	592890
17	204	172225709
17	205	14680729
17	206	227380894
06	205	28696527
06	206	7928586
18	204	196164801
18	205	12930388
18	206	185412198
07	204	241968
07	205	40273892
07	206	26405083
19	204	246193211
19	205	17333748
19	206	195983523
08	204	19063075
08	205	43339060
08	206	144782253
09	204	120844204
09	205	40827655
09	206	222903916
