20	204	39171853
20	205	57272359
20	206	207315753
21	204	70599285
21	205	73713090
21	206	182369571
10	204	5025208
10	205	17638834
10	206	218208067
22	204	103528042
22	205	64223407
22	206	146597600
11	204	8261796
11	205	16621698
11	206	229098990
23	204	123363887
23	205	52226566
23	206	110190109
00	204	3293206
00	205	3452259
00	206	55239228
12	204	9188866
12	205	15925611
12	206	188888507
01	204	2850537
01	205	1739251
01	206	35322176
13	204	10356683
13	205	18981323
13	206	196525490
02	205	654065
02	206	547084
14	204	14438386
14	205	51173266
14	206	228051292
03	205	429651
03	206	409604
15	204	18698156
15	205	60086887
15	206	245164989
04	205	402097
04	206	366066
16	204	24940628
16	205	63949521
16	206	247503667
05	205	484076
05	206	539028
17	204	19728555
17	205	64063159
17	206	224657522
06	205	784137
06	206	17903101
18	204	16165866
18	205	60315336
18	206	187430785
07	204	37260
07	205	1782982
07	206	62801468
19	204	22437267
19	205	71639927
19	206	202751956
08	204	3070293
08	205	7057641
08	206	147957018
09	204	5418189
09	205	14263163
09	206	228475605
