20	204	105267047
20	205	35580685
20	206	180453169
21	204	106941003
21	205	46747172
21	206	173916345
10	204	41957506
10	205	48071575
10	206	114925270
22	204	100385022
22	205	67264991
22	206	138325796
11	204	74551496
11	205	30585166
11	206	119686857
23	204	76446198
23	205	61805425
23	206	94775723
00	204	469430
00	205	2987484
00	206	15218259
12	204	61853002
12	205	24292305
12	206	101960770
01	205	1278719
01	206	4976327
13	204	63884981
13	205	31877969
13	206	112777214
02	205	599665
02	206	206975
14	204	76880075
14	205	35710097
14	206	126547375
03	205	460469
03	206	137812
15	204	85079814
15	205	36238149
15	206	139391156
04	205	415545
04	206	120938
16	204	55838626
16	205	39740640
16	206	152461948
05	205	497239
05	206	182297
17	204	75239857
17	205	33442948
17	206	176240533
06	205	829365
06	206	5856538
18	204	89832159
18	205	18281966
18	206	154036069
07	205	1695631
07	206	14344705
19	204	99785032
19	205	26587381
19	206	169815518
08	205	10360394
08	206	59348673
09	204	2002455
09	205	32686029
09	206	87727621
