20	204	106514624
20	205	86445159
20	206	194099592
21	204	84739781
21	205	108973084
21	206	189342523
10	204	89607596
10	205	18011746
10	206	172769992
22	204	31661760
22	205	127125022
22	206	151492075
11	204	77184509
11	205	38102554
11	206	153018488
23	204	54462190
23	205	108950214
23	206	106704323
00	204	520990
00	205	1335075
00	206	39565306
12	204	65854792
12	205	52472395
12	206	134705280
01	205	892107
01	206	21522352
13	204	90457278
13	205	56484355
13	206	179777702
02	205	600274
02	206	305426
14	204	111391205
14	205	53711996
14	206	215626954
03	205	454458
03	206	208443
15	204	108323758
15	205	49499254
15	206	207230120
04	205	417624
04	206	170443
16	204	113368818
16	205	51771833
16	206	208963963
05	205	487459
05	206	242049
17	204	102482195
17	205	53970113
17	206	191342597
06	205	756717
06	206	10272219
18	204	87467586
18	205	57346811
18	206	163133230
07	205	2191406
07	206	36270305
19	204	101111615
19	205	71099592
19	206	182904927
08	204	46199027
08	205	6613508
08	206	120079456
09	204	97344761
09	205	9476021
09	206	168281533
