20	204	124953718
20	205	39885526
20	206	168342993
21	204	112510460
21	205	54892006
21	206	165473780
10	204	4228957
10	205	17170896
10	206	239448055
22	204	82671706
22	205	54907554
22	206	126803233
11	204	10495823
11	205	16498286
11	206	233775114
23	204	76298075
23	205	49667408
23	206	84531139
00	204	3822540
00	205	4147055
00	206	64459461
12	204	10241192
12	205	15762602
12	206	195444349
01	204	3113195
01	205	1694183
01	206	38858199
13	204	10913031
13	205	22176610
13	206	202356747
02	205	672949
02	206	1213019
14	204	11184327
14	205	32177630
14	206	233517117
03	205	489203
03	206	786687
15	204	22481928
15	205	40818267
15	206	253118883
04	205	479640
04	206	588312
16	204	178306792
16	205	26462776
16	206	241001713
05	205	601117
05	206	811955
17	204	161854248
17	205	14884086
17	206	212247430
06	205	855240
06	206	7818421
18	204	132492242
18	205	17706110
18	206	178065573
07	204	54
07	205	1857782
07	206	59215454
19	204	143765295
19	205	28133163
19	206	194044549
08	204	3271620
08	205	6553894
08	206	156465634
09	204	4938252
09	205	10805856
09	206	223275583
