20	204	84965902
20	205	96043208
20	206	186585737
21	204	84461341
21	205	116409112
21	206	170832811
10	204	84549199
10	205	13430361
10	206	235851685
22	204	94591188
22	205	138431908
22	206	149538279
11	204	79482209
11	205	11611951
11	206	222060753
23	204	80962723
23	205	112014216
23	206	103498475
00	204	3086910
00	205	5526872
00	206	81869658
12	204	70255143
12	205	10263003
12	206	202220995
01	204	16576065
01	205	1065513
01	206	52107735
13	204	74701673
13	205	11669715
13	206	214052656
02	204	48856
02	205	637961
02	206	1008722
14	204	71013515
14	205	11807893
14	206	190257188
03	204	32781
03	205	479853
03	206	608088
15	204	84331668
15	205	16131764
15	206	219850500
04	204	27717
04	205	439380
04	206	473568
16	204	80698884
16	205	32308618
16	206	203266765
05	204	35760
05	205	506163
05	206	670751
17	204	86277478
17	205	70518529
17	206	216229683
06	204	74179
06	205	731986
06	206	7728314
18	204	69906191
18	205	78158686
18	206	174568989
07	204	16474933
07	205	1435820
07	206	29537142
19	204	85294817
19	205	82170297
19	206	191885611
08	204	57889803
08	205	3275052
08	206	163439670
09	204	81241484
09	205	7235101
09	206	217575343
