0	0
2910	17753
2910	17754
2910	17755
5087	15853
2910	17756
3655	15852
5855	18283
6365	20636
7234	21949
6419	19973
7207	21779
5594	21334
5594	21335
5594	21336
6612	21057
7414	22432
4857	14931
5384	16761
5917	18401
5088	15854
6973	20992
1831	13910
6973	20993
6420	19975
6973	20994
1831	13912
6613	21056
6973	20995
6973	20996
6973	20997
6374	21407
7415	22433
5852	21446
7264	22079
5385	16762
5918	18402
3158	9117
7355	22293
3285	18306
4221	17543
5857	18286
5521	17604
5766	18083
4221	17547
4529	14053
5089	15864
7084	21622
1832	13914
4204	13031
4221	17549
5089	15866
1832	13916
4221	17550
6375	21406
5089	15868
7416	22435
4221	17555
4221	17556
4221	17557
2569	7221
4221	17560
4529	14066
4529	14067
4529	14068
6418	20085
2906	13932
5386	16763
5919	18403
4221	17565
4221	17568
3285	20358
7265	22094
3138	18862
3285	20362
3059	22324
4205	13032
1833	13918
3285	20365
1833	13919
7003	21143
7417	22436
3329	9924
5447	16918
3285	20376
5550	21800
5387	16764
3689	10888
3285	20386
5591	17514
5859	18290
3285	20392
7327	22229
7418	22437
1834	13922
3330	9925
1834	13924
3158	22327
5388	16765
1931	21015
3957	18752
5979	18628
5651	17702
6610	20262
6186	19282
4713	14496
4713	14497
4713	14499
3289	17275
3314	17511
3314	17512
1831	13037
5592	17526
3331	9926
3314	17517
5092	15876
7298	22157
3314	17521
3314	17523
5389	16766
3314	17525
3314	17527
5980	18629
7359	22296
3691	10890
6611	20265
5857	21442
5861	18291
7268	22097
6614	21185
1832	13038
3332	9927
5593	17529
5093	15877
4507	14877
4507	14879
6218	19352
7240	21977
7360	22297
7391	22347
5653	17707
7269	22098
3680	22368
5862	18293
6132	22031
6615	21184
3680	22369
6612	20272
7084	21787
1833	13039
1931	8994
3333	9928
1931	8995
5094	15878
1931	8996
3288	20407
3288	20410
5924	18407
3288	20413
4476	13855
6219	19353
3304	9831
3288	20418
3304	9832
7361	22298
3304	9833
3304	9834
7392	22348
3288	20422
3304	9836
3304	9837
5473	22310
3304	9839
5863	18294
6013	18689
6613	20273
1834	13040
5095	15879
3426	10108
6374	20632
5925	18408
6220	19354
7242	21980
4330	13373
7362	22299
7393	22350
6617	21182
7203	22187
7203	22190
5864	18296
6131	19105
3335	9930
937	12630
6131	19110
7302	22161
6614	20283
3427	10110
6375	20631
1370	3249
5453	16927
5596	17539
5596	17540
5596	17541
6221	19355
5596	17542
7243	21981
6618	21181
6768	20568
7394	22351
7204	22188
3635	10739
7204	22191
6045	18771
7205	22164
7424	22443
6613	21352
6615	20282
7303	22162
2666	7498
3428	10112
4507	13996
4507	13998
7073	22240
6619	21180
6801	20586
5476	22313
7206	22167
6074	18920
1372	3251
3429	10115
4507	22103
5511	17213
7304	22170
5591	21797
6620	21178
5863	21439
7206	22184
4719	14526
7245	21986
4331	13440
6132	19158
6132	19159
3637	10740
5628	17631
6132	19160
6757	21983
2758	7722
3304	10976
6418	22405
5011	15574
6418	22407
1931	21254
6418	22408
1931	21255
1931	21256
1931	21257
5836	18255
7396	22363
1931	21258
6617	20280
7304	22192
4204	17394
4221	15859
2668	7500
4221	15861
4221	15863
5998	22326
1831	15289
3430	10116
5512	17215
7146	22057
1831	22358
1831	22360
3138	9086
3638	10741
6133	19161
6618	20279
1831	15311
4205	17393
1831	15313
6048	18784
4332	13459
5999	22325
7147	22054
6387	21399
6387	21400
5513	17217
7208	22185
1832	22357
7208	22186
7367	22302
7072	21358
7072	21359
1832	22361
7336	22258
3639	10742
6134	19164
6134	19165
6134	19166
7209	22165
7209	22166
4713	20841
6619	20278
1832	15312
1832	15314
1832	15315
1286	2981
1832	15316
6611	21544
2670	7502
6388	21396
7148	22052
6985	21052
6388	21398
1833	15292
1833	22356
4305	13329
5514	17219
6588	20249
7073	21360
1833	22362
2908	12244
3140	9088
2908	12245
7368	22308
2908	12246
3640	10743
2908	12247
489	17616
4529	14467
6620	20277
1833	15308
3118	18861
1833	15310
7399	22367
3492	10297
6612	21543
1287	2982
1166	2698
6132	21293
1834	15290
7210	22182
1834	15291
7210	22183
1834	22355
7277	22125
4985	15485
1834	15294
4985	15486
4985	15487
1834	22359
4985	15488
7193	21706
4928	15238
4985	15489
2909	12248
2909	12249
2909	12250
1834	15306
2909	12251
6500	19993
3957	12053
6136	19171
3342	9931
6136	19172
5840	18260
1167	2699
7211	22180
7211	22181
3138	22323
3314	15858
1931	13328
3285	21804
6897	20823
4986	15490
7370	22306
4986	15491
935	1832
4986	15494
7194	21712
4986	15496
4986	15497
2910	12252
2910	12253
2910	12254
2910	12255
5370	16715
3343	9932
6131	21378
7072	21468
7075	21375
7072	21469
7075	21376
5841	18263
6748	22434
1289	2984
1168	2700
5836	21452
6959	20960
6748	20439
6748	20440
6959	20962
6959	20963
6959	20964
3344	9933
4507	22320
4844	14902
3140	22322
6374	21961
4219	13101
3345	9934
5843	18266
6375	21956
4845	14905
4959	15407
5852	22032
1164	6931
1931	5352
3059	8726
1164	6932
1931	5353
1164	6933
7311	22213
5034	22171
4220	13103
6131	19448
3346	9935
4989	15507
7072	21565
5844	18267
5442	19634
5442	19636
5442	19637
4846	14908
5841	19379
5035	22172
7073	21553
6748	20530
7073	21554
6132	19447
7073	21555
7073	21556
7224	21923
3347	9936
4990	15508
5034	22219
5344	16646
5845	18270
4905	15124
4905	15125
3118	8975
3957	22319
7073	21578
6133	19443
6748	20558
6748	20559
7375	22318
6388	20628
6388	20629
5550	17349
6374	22084
5035	22230
7050	21315
5877	18329
486	810
486	811
6387	20689
486	812
6387	20690
3349	9938
3962	12124
1175	2667
3962	12125
3962	12126
3962	12127
578	997
3304	16382
3962	12128
6375	22083
2679	7511
4905	20234
6364	21419
3962	12135
4905	20235
3962	12136
6135	19445
6904	20836
6508	19998
4713	22168
4713	22169
5521	21337
4878	15040
5848	18273
6365	21417
5347	16652
2680	7512
5998	18671
4333	14794
6136	19444
488	814
5610	17601
7142	21568
4713	16148
7142	21569
7347	22277
3351	9940
5844	21450
6966	20975
5081	15844
6966	20976
6966	20977
6966	20978
6873	20835
2681	7513
5999	18672
3680	10854
3680	10855
3680	10856
3680	10857
7409	22392
3680	10859
3680	10860
3680	10861
6418	19828
6418	19829
7245	22446
6059	18855
5448	19639
5850	18276
5448	19641
2564	11181
3681	10862
6299	19506
7288	22144
6299	19507
6299	19508
6299	19509
6299	19510
6299	19511
6299	19512
5583	17493
6299	19513
1831	19789
5583	17494
7349	22279
5583	17495
6134	19585
5583	17496
6816	20651
7083	21456
7113	21535
4334	13851
7289	22145
2906	17768
7260	22036
2906	17769
1832	19788
5380	16757
5204	16165
5453	17528
5453	17530
5453	17532
7084	21457
5453	17534
5453	17535
5453	17537
6300	19532
5453	17538
6300	19533
3118	22321
6300	19534
6300	19535
2907	17765
2907	17766
7411	22429
2907	17767
7290	22146
1833	19787
5848	21448
5381	16758
5205	16166
7205	21769
5610	18753
5521	19495
2908	17762
2908	17763
2908	17764
6610	21059
6757	20539
4940	15318
1834	19786
5610	21793
3962	16379
6299	19609
5382	16759
6301	19550
7383	22338
2909	17757
2909	17758
2909	17759
7233	21948
2909	17760
2909	17761
3654	15855
6364	20637
3962	16399
6999	21134
6611	21058
7413	22431
7292	22148
6300	19610
5383	16760
5916	18399
6748	20861
6748	20862
2910	17752
