64	37	119691
0	5	5
33	0	203
33	1	116
61	152	67797270
61	153	1568066
1	-1	5698
1	0	19501155
1	1	22515
33	20	3
1	8	1692290
63	104	65
1	9	51376998
63	106	1682
1	14	7652904
34	0	14
34	1	7
1	16	38931
31	98	14632523
1	20	168138034
1	21	4156499
31	101	52
31	104	25639767
31	105	39
1	27	8042
31	106	15387640
1	28	151768486
2	-1	68
2	0	377434268
64	98	78279
64	99	90228
1	37	151627788
2	8	36397511
64	104	1548
2	9	6889628
64	106	10862
2	11	2
1	43	66168097
2	14	198203
2	16	206619013
1	48	64454790
2	20	409726040
2	21	58058940
2	27	9878373
68	-1	256
3	-1	13
68	8	90111497
2	37	60076976
3	8	106512994
31	152	352524952
2	43	329855387
31	153	16077143
2	48	146562103
33	104	1
3	28	15079596
4	-1	3
68	37	2500067
3	37	30379
1	101	173064943
4	8	155849
1	104	31641386
1	105	200
3	43	40086410
1	106	977744
37	-1	4762
4	14	351
37	0	4266076
3	48	1509
4	20	1954
4	21	62
37	8	1446326
37	9	62340
70	-1	18
4	28	11
37	14	1485208
70	1	2
5	-1	4424
37	16	8135757
5	0	1264785
5	1	25122793
37	20	16857724
37	21	2620235
70	8	187209909
4	37	4116
2	101	185219883
5	8	291273158
5	9	155575
2	104	131140833
37	28	3
2	105	9861629
4	43	2867860
2	106	17382112
38	-1	42
38	0	225342
38	2	3927
4	48	162255
5	20	32896137
37	37	1356670
5	21	1492083
38	9	4688
1	151	5771068
5	27	471
1	152	92926971
5	28	1840253
1	153	28194260
38	16	25302
37	48	4557655
38	20	434201
70	37	4352992
5	37	10266349
3	104	1922456
5	43	15510363
3	106	904996
38	37	167
2	151	65346358
2	152	548564387
2	153	16634259
2	155	149830854
38	48	458
4	101	421
4	104	2374
4	106	1882
40	0	4
37	101	1186555
37	104	64737
68	152	28758896
37	105	14641
68	153	530588
37	106	66578
3	152	51114887
3	153	2840516
8	-1	35
8	0	1031172
5	99	2
5	101	575332
8	8	970931
8	9	3711892
5	104	25505241
5	105	2
5	106	578316
8	16	4175318
38	98	229615
8	20	16472633
8	21	32598
38	101	1
2	211	3632
38	104	24
38	106	584
4	152	50522
8	28	21362
4	153	126
9	-1	849
9	0	279955778
2	220	103938247
8	37	3601
9	8	19390706
9	9	35645875
37	151	1191531
9	11	2
37	152	40288726
37	153	37596962
9	14	1
9	16	107456947
8	48	2221741
9	20	308897439
9	21	80501613
70	152	72201959
70	153	1782673
5	151	42215
5	152	54237336
5	153	78456439
5	154	36391807
10	-1	480
10	0	5111574
10	2	17160556
9	37	86015187
10	8	155772156
10	9	5950349
9	43	312453122
10	14	301240
10	16	49082896
9	48	183003135
10	20	207768764
10	21	2805786
10	37	3632304
8	101	61480
37	211	2960
8	104	492491
8	105	12092
8	106	23082
10	47	3715
10	48	46046496
37	220	14862
9	98	35667069
9	101	42689402
9	104	133799267
9	105	2653589
9	106	58177190
9	107	24111
8	152	10233559
8	153	167832
13	-1	99
13	0	1643324
13	2	1059
10	101	27922760
10	104	9304176
10	105	3043422
10	106	844632
13	14	701683
13	20	2948
13	21	575498
9	151	67990676
9	152	718634852
13	28	890
9	153	155210671
9	154	3
14	-1	225
9	155	13563353
14	0	10710671
14	1	206326
14	2	1
14	8	160617488
14	9	15756171
13	46	29588
14	16	19
13	48	250792
14	20	23839
14	21	403464
10	151	151975
10	152	241111185
14	28	502136
10	153	165216340
15	-1	6
15	0	470599
15	4	335
14	37	19242635
15	8	52603112
15	9	152
15	14	607
14	48	20860157
15	20	105591494
15	21	416421
9	211	266679
16	-1	271
16	2	2744478
9	220	854386117
13	98	1
15	37	59982681
13	101	5
16	8	380379433
13	105	5785
15	43	26613409
13	106	1
14	99	713
14	101	916
14	104	4297307
14	105	2
14	106	323152
16	47	433
16	48	31
15	101	37738
14	152	2
15	151	1646167
15	152	197958251
15	153	7212401
15	154	4244525
20	-1	57
20	0	1152623
20	8	23113
20	20	1341
16	151	3767
16	152	110085249
16	153	3286097
21	-1	422
21	0	23543436
20	33	15
20	37	840
21	8	604665836
21	9	42147539
54	-1	19
20	48	29554
21	20	239969821
21	21	13188402
54	8	304451
21	28	1
15	220	55989490
21	37	205043372
54	28	198028
21	43	22646492
20	99	13
20	101	12
20	104	44
20	106	689
56	-1	1
56	0	42591
56	8	37
24	-1	52
24	0	10723710
56	20	500
21	98	4683
21	101	19125
24	8	881234109
24	9	9902602
56	28	210
21	105	5
57	-1	5101
24	14	9125074
54	98	80548
24	20	53317894
56	37	3
24	21	326006
57	8	77898164
54	104	15
54	106	347
24	37	137514666
58	-1	3675
57	37	89584
58	8	59847754
21	151	718862
21	152	658944830
21	153	76955013
21	154	67384267
57	48	411871
54	152	240118
54	154	12
58	37	181857
56	104	1
56	106	8
27	-1	1
24	101	2781815
24	105	7
27	14	27527
27	20	38
57	104	221124
57	106	125338
21	220	94945636
61	-1	314
61	0	264563
61	8	88716080
24	152	596527038
61	14	304636
24	153	43898233
24	154	1780989
61	20	2322799
61	21	109072
57	152	31362312
57	153	898962
61	37	2384742
61	48	8182744
27	101	3
58	152	17442806
58	153	242607
31	-1	49
31	0	18166027
31	8	652852265
31	9	2576751
31	14	2
64	1	46683
31	20	201842896
31	21	9780768
61	101	1574
64	8	27591158
31	37	1768949
64	28	2922829
