64	37	2496867
0	5	4
33	0	20
33	1	6
33	8	12
61	152	33978295
61	153	470701
1	-1	9
1	0	14630184
1	1	18831
33	20	1
1	8	1578104
63	104	17
1	9	66581879
63	106	3631
1	11	2
1	14	12275
34	0	16
1	16	69813
31	98	13539616
1	20	184834387
1	21	3197514
31	101	28627
31	104	11584040
31	105	3
1	27	2169
31	106	3783256
1	28	151818854
2	-1	71
2	0	389978813
64	98	845758
64	99	4400714
1	37	130710546
2	8	36330267
64	104	496922
2	9	9165603
64	106	452048
1	43	55866918
2	16	399119781
1	48	22625705
2	20	177820555
2	21	38422387
2	27	8718937
68	-1	15
3	-1	1756
3	0	8375
68	8	82447879
2	37	64215815
3	8	94858173
3	9	130
31	152	143449643
2	43	161351945
31	153	11520615
3	14	611
2	48	136446995
3	20	223137
3	21	727
3	28	9589273
68	37	3188514
3	37	16921
1	101	149429200
4	8	1860224
1	104	13096648
1	105	2034
3	43	89645
1	106	707841
37	-1	662
4	14	3053
37	0	1896137
3	48	6181877
4	20	61
4	21	114
34	101	1
37	8	1146257
37	9	44866
70	-1	2386
37	14	2414629
70	0	39711
5	-1	4
37	16	10449876
5	0	1174982
5	1	28778828
37	20	4451200
37	21	593051
70	8	140939933
4	37	5592
31	210	10
2	101	332388840
5	8	99583081
5	9	13442092
2	104	74140838
37	28	5
70	14	1759614
2	105	12515284
4	43	524679
2	106	6231234
38	-1	10
38	0	5
4	48	224003
70	20	23114605
70	21	525
5	20	235256967
37	37	1145569
5	21	1003563
38	8	593925
1	151	5409787
5	27	1941
1	152	88641318
5	28	1492315
1	153	33345087
37	48	3063265
70	37	4363002
5	37	10692668
3	101	2
3	104	1994669
5	43	19755882
3	106	36104011
3	107	3123
70	48	1
38	37	112
2	151	42420900
2	152	469595993
2	153	26471676
2	155	145403367
4	101	1922
4	104	7493
4	105	3
4	106	4047
37	101	3195779
1	210	2152
37	104	743
68	152	14496570
37	105	108596
68	153	221184
37	106	101998
3	152	39820581
3	153	2882096
8	-1	2
8	0	1339291
70	101	1
5	99	2
5	101	1085101
8	8	815785
8	9	2560846
5	104	13805560
5	105	2
5	106	447069
8	16	3778941
38	98	292567
8	20	10350930
8	21	25553
2	210	291469
2	211	24
38	104	5
38	106	1091
4	152	909105
8	28	27262
4	153	36093
9	-1	467
9	0	394600104
2	220	106583801
8	37	3349
9	8	24599487
9	9	117503998
37	151	867144
9	11	1
37	152	20711297
37	153	33018099
9	16	154663784
8	48	2750947
9	20	108473639
9	21	36853600
70	152	41361958
70	153	1133335
5	151	45162
5	152	51703947
5	153	100500505
5	154	46792327
10	-1	62
10	0	2638241
10	2	15294953
9	37	115229756
10	8	147722017
10	9	2263522
9	43	285095966
10	14	4777116
10	16	141253599
9	48	208844979
10	20	76635861
10	21	2035826
10	37	3144743
37	210	3851
8	101	1069777
37	211	822
8	104	200637
8	105	61397
8	106	34005
10	47	7905
10	48	62882566
37	220	6582
70	210	1775
5	210	976
9	98	36962222
9	101	62075251
9	104	85817817
9	105	1454730
9	106	20732425
8	152	6592581
8	153	166512
13	-1	24
13	2	1196
10	101	35477336
10	104	4778574
10	105	7359736
10	106	1498400
13	14	2972541
13	20	282
9	151	45085120
9	152	722946934
13	28	1338
9	153	204193381
9	154	3
14	-1	23
9	155	15998731
14	0	5580037
14	1	99145
14	2	1
14	8	99963460
14	9	8132628
13	46	28814
14	16	10
13	48	253196
14	20	1254047
14	21	327564
10	151	57892
10	152	171165804
14	28	29985
10	153	184466955
15	-1	13
15	0	3039529
15	4	52
14	37	11375704
15	8	108677580
15	9	15452
15	11	1
14	48	16181383
15	20	110459651
15	21	5837928
9	210	89112
9	211	10577
16	-1	34
16	2	3929262
9	220	1064226970
13	99	1
15	37	108438714
13	101	3
16	8	405020879
15	43	41787717
13	106	1
10	210	8293
14	99	397
14	101	51212
14	104	1668032
14	106	471521
16	47	2473
16	48	32
17	28	3303476
15	101	12279647
15	105	2
14	152	46380326
14	153	732014
15	151	1685771
15	152	170838449
15	153	14233020
15	154	4603590
20	-1	15
20	0	1266631
20	4	1
20	8	22975
20	20	150
53	8	10
16	151	4774
16	152	65994053
16	153	4027097
21	-1	177
21	0	23636409
20	33	16
20	37	342
21	8	591876284
21	9	22233599
54	-1	9
20	48	32878
21	20	362531249
21	21	27180444
54	8	320993
15	210	167549
17	152	616036
21	28	31556718
17	153	1
15	220	61552619
21	37	205327758
54	28	215329
21	43	3119492
20	99	20
20	101	4069
20	104	15
20	106	1431
56	0	51890
56	8	11
24	-1	35
24	0	15475133
21	98	5225
21	101	27017
24	8	1053149409
24	9	969902
56	28	114
21	105	1
57	-1	1309
24	14	31353225
54	98	50947
24	20	54654177
24	21	11167187
57	8	111060480
54	104	2
54	106	712
57	14	65540
56	48	30
57	20	7
57	21	16
24	37	62512805
58	-1	1025
57	37	793012
58	8	94141938
21	152	293057747
21	153	92196686
21	154	47053511
57	48	669092
54	152	216653
54	153	1
54	154	122
58	37	640539
56	101	1
56	104	1
56	106	64
27	-1	1
24	101	4932033
24	105	5
27	14	29707
27	20	3
57	101	185
21	210	78982
57	104	2443
57	106	310759
21	220	58998186
61	-1	17
61	0	206656
61	8	76673603
24	152	210124161
61	14	487691
24	153	44676543
24	154	11297687
61	21	184350
57	152	33746216
57	153	1563224
61	37	1248093
61	48	1283492
27	101	3
58	152	16834804
58	153	540682
24	210	4344729
31	-1	23
31	0	11597330
31	8	343805879
31	9	379126
64	-1	27
31	14	35
64	1	549160
31	20	105735980
31	21	4841202
61	101	696
64	8	321156467
31	37	299539
64	28	30846529
