0	5	9
26	210	16
33	0	51
33	1	206
33	8	1
1	-1	1009
1	0	30425407
1	1	4569
1	8	204931536
63	104	33
1	9	8606051
63	106	52449
1	11	2
63	107	9
1	14	49480
34	0	9
1	16	19489671
31	98	13296129
1	20	110961644
1	21	2685938
31	101	4
31	104	22709072
1	27	10127
31	106	27168418
1	28	137121014
2	-1	147
2	0	412630311
1	37	75676369
2	8	61334793
2	9	13220177
2	11	1
1	43	45234647
2	14	27
2	16	409856119
2	20	109111366
2	21	41654625
2	27	15784456
68	-1	138
3	-1	1861
68	8	59238453
2	37	117475570
3	8	996557408
31	152	379823447
2	43	23935028
31	153	11053958
33	106	1
3	28	14027354
4	-1	1
68	37	25492682
3	37	115783
1	101	58994044
1	104	18270670
3	43	120453
1	106	1353519
37	-1	3673
37	0	4875675
37	8	558596
37	9	251
4	28	1
37	14	454425
5	-1	1320
37	16	14395034
5	0	2234042
5	1	8899311
37	20	1443530
37	21	441711
2	101	74579377
5	8	511064139
31	211	467
5	9	90231
31	212	950
2	104	86101396
2	105	13818684
4	43	115536
2	106	44250698
38	-1	76
38	0	132809
5	16	9225556
38	2	3351
5	20	17306262
37	37	2941813
5	21	3846326
38	8	79486
1	151	18135532
5	27	212
1	152	87191697
5	28	76829747
1	153	31047231
38	16	44332
1	158	37322
38	20	1590625
38	21	43353
3	98	945524699
5	37	41903614
3	104	4351458
5	43	52580618
3	106	39960018
3	107	13188
38	37	3679
2	151	156088470
2	152	700681071
2	153	22269562
4	104	34
4	106	2144
37	101	1782021
1	210	96790
1	211	860323
37	104	1748
1	212	195949
37	105	603806
3	151	74
37	106	1105461
3	152	373290828
37	107	301
3	153	7342129
8	-1	27
8	0	45563
5	101	944230
8	8	825926
8	9	3705540
5	104	8579500
5	106	1355779
8	16	8536912
38	98	16849
8	20	5974723
8	21	7357
2	210	395362
2	211	10258
38	104	65
2	212	221647
38	106	33362
4	152	41018
8	28	25323
38	107	9
4	153	27
9	-1	103
9	0	278562794
2	220	247662213
8	37	8214
9	8	25651182
9	9	79656289
37	151	860196
37	152	27136860
37	153	31965609
9	16	219310439
9	20	124846916
9	21	28543842
5	151	5856054
5	152	258426071
5	153	130380955
5	154	19131985
10	-1	755
10	0	8207740
10	2	5273225
5	158	291569
9	37	141862418
10	8	138868978
10	9	2097
9	43	147507815
10	14	6224752
10	16	111707424
10	20	125690868
10	21	12372354
10	37	3988607
37	210	944
8	101	122566
37	211	292
37	212	4462
8	104	266599
8	105	11207
8	106	465625
8	107	92
37	220	2269
5	210	12405
9	98	19597012
9	101	42600690
9	104	43777308
9	105	1098395
9	106	96770474
8	152	7635413
8	153	104842
13	-1	109
13	2	2189
10	101	41467840
10	104	4750693
10	105	14431955
10	106	13592590
10	107	3126
13	14	1762048
13	20	469
9	151	117144924
9	152	748069936
13	28	82
9	153	163379391
9	154	9
14	-1	274
14	0	5214139
14	1	28869
14	8	80057666
14	9	8280039
13	46	1084536
14	16	942
14	20	11906172
14	21	145318
8	212	3919
10	151	68009
14	27	1
10	152	238045541
14	28	192416
10	153	133179780
15	-1	93
15	0	9788879
15	4	145
14	37	32269003
15	8	651511394
15	9	68
15	16	2175740
15	20	95837144
15	21	6167075
9	210	96101
9	211	350275
9	212	78301
16	-1	138
16	0	2229582
16	2	1793574
9	220	666799793
15	37	364265405
16	8	107026547
15	43	10446487
16	14	1
16	20	21347707
16	21	2603981
10	210	116743
10	211	1319
10	212	28921
17	-1	5
14	99	1189
14	101	37140
14	104	2351784
14	106	6966164
14	107	2945
16	47	7
17	28	2114228
15	101	1221868
15	105	5805
14	152	63443020
14	153	338540
16	101	2858349
52	-1	57
52	8	35471967
15	151	32212247
15	152	829673509
15	153	56334398
15	154	2752335
20	-1	60
20	0	1409996
20	4	1
52	21	162
20	8	24805
52	28	5924
20	20	583
52	37	37485
16	151	1192
16	152	47912775
16	153	5872747
21	-1	51
21	0	16061995
20	33	43
20	37	592
21	8	130954802
21	9	8393196
21	14	126
21	20	463800765
21	21	10753402
15	210	7501
15	211	497333
15	212	3457019
17	152	681124
17	153	10366
22	-1	1
15	220	188277377
21	37	131781930
22	8	778143
21	43	32774183
52	101	3501
52	104	53590
52	106	669572
52	107	191
20	99	17
22	37	2960
20	101	5
20	104	30
20	106	19591
20	107	4
56	0	11
56	8	2
24	-1	40
24	0	3506934
21	98	3911
21	101	48818
24	8	599353099
24	9	10
52	151	210539
52	152	16220744
52	153	366358
57	-1	1817
57	0	5686290
24	20	27184903
24	21	1126994
57	8	12254341
57	20	26116914
57	21	491560
24	37	15634155
22	104	2576
22	106	17530
57	37	493100
58	8	93
21	151	20783851
21	152	588491521
21	153	59408828
21	154	45281992
26	-1	7
26	8	56981348
26	14	1018100
26	16	1015016
26	20	3109255
58	37	3
26	21	3536
26	28	81853
27	-1	2
27	2	1
26	37	845344
24	101	111843
26	43	10003476
27	14	34468
27	20	13
57	101	10
21	210	56642
57	104	751
57	106	500120
57	107	200
21	220	195429418
61	-1	356
61	0	380306
61	8	98299357
24	152	384347484
61	14	288983
24	153	32691603
24	154	15922054
29	-1	132
29	0	164919
61	20	1574182
61	21	696709
26	101	1632171
29	8	3577962
61	27	1235594
26	104	206622
61	28	1
26	105	80
26	106	1109187
29	20	4530
61	37	111487221
29	21	46586
30	-1	225
29	37	268
27	101	9
30	8	5693281
24	210	117562
26	151	473342
26	152	41594934
26	153	2509350
31	-1	103
31	0	39138244
31	8	510661296
31	9	1668106
31	20	370425152
31	21	13030187
29	98	238647
31	37	3905096
29	101	18
29	104	203
29	106	103687
29	107	23
