64	37	1917791
0	5	7
33	0	16
61	152	30420220
61	153	419469
1	-1	11
1	0	15064155
1	1	24331
33	20	1
1	8	1424407
63	104	33
1	9	58125849
63	106	3129
1	14	258671
1	16	16793838
31	98	13605684
1	20	145272576
1	21	3595411
31	101	27300
31	104	10524043
31	105	2
1	27	2228
31	106	1701475
1	28	166019801
2	-1	27
2	0	470207495
64	98	574602
64	99	3260235
2	4	3
1	37	128885674
2	8	41727164
64	104	1677578
2	9	14657132
64	106	320616
1	43	52379303
2	14	21025
2	16	308191528
1	48	21203766
2	20	21860671
2	21	32793549
2	27	5821589
68	-1	34
68	0	1759
3	-1	11
3	0	2518
68	8	78329146
2	37	79397158
3	8	140203663
3	9	33
31	152	158075735
2	43	166904861
31	153	10635306
31	154	1
3	16	417
2	48	135210847
68	20	527784
68	21	19
3	20	277102
3	21	107
3	28	15363228
4	-1	1
68	37	3044140
3	37	24345
1	101	138618725
4	8	1883706
1	104	10677184
1	105	2052
3	43	132932
1	106	536263
37	-1	2298
1	107	13846
4	14	3784
37	0	2013737
3	48	9122696
4	20	88
4	21	241
37	8	2974367
37	9	88179
70	-1	12
37	14	1769424
70	0	19250
5	-1	1
37	16	4433659
5	0	901744
5	1	26249249
37	20	24246
37	21	292432
70	8	240193592
4	37	8984
31	210	3
2	101	519101420
5	8	164430964
5	9	2077010
2	104	66329211
37	28	2
2	105	34174149
4	43	517417
2	106	2662440
38	-1	12
38	0	3416
4	48	239158
70	20	4665399
70	21	66
5	20	176772167
37	37	1291873
5	21	926150
38	8	166843
1	151	5244335
5	27	499
1	152	85999328
5	28	1725760
1	153	33996375
37	48	3967140
38	20	428194
70	37	6410783
5	37	11723445
3	104	2403751
5	43	20599076
3	106	597904
38	37	101
2	151	45097866
2	152	485653219
2	153	26501835
2	155	145703255
4	101	2437
4	104	10196
4	105	4
4	106	3682
37	101	18524743
1	210	1335
37	104	1073
68	152	14248919
37	105	1611085
68	153	174491
37	106	104112
3	152	59074045
3	153	3404259
8	-1	5
8	0	989281
70	101	2
5	99	2
5	101	436676
8	8	1583126
8	9	9107803
5	104	13638525
5	105	1
5	106	419494
5	107	6641
8	16	3162
38	98	286355
8	20	1294706
38	99	2
8	21	2428
2	210	877586
2	211	33
38	104	4
38	106	998
4	152	1017793
8	28	24364
4	153	31541
9	-1	4528
9	0	480767708
2	220	104633362
8	37	4528
9	8	34344482
9	9	116581855
37	151	1222014
37	152	28284020
37	153	44623234
9	16	194620436
8	48	1845073
9	20	6676404
9	21	57597510
70	152	60370427
70	153	1525196
5	151	41927
5	152	51488266
5	153	102650695
5	154	53275769
10	-1	154
10	0	3165039
10	2	13689707
9	37	136923378
10	8	142993811
10	9	1674493
9	43	301584116
10	14	5054979
10	16	15585021
9	48	208122048
10	20	7972834
10	21	366266
10	37	3263613
37	210	1235
8	101	6864371
37	211	744
8	104	315056
8	105	993464
8	106	31013
10	47	2678
10	48	63681384
37	220	11724
70	210	1097
5	210	168
9	98	37050651
9	101	70463103
9	104	109258225
9	105	1771022
9	106	13261434
8	152	7386244
8	153	178466
13	-1	51
13	2	1295
10	101	165620666
10	104	8272241
10	105	68815126
10	106	1324488
13	14	2910206
13	20	822
9	151	47509379
9	152	761989536
13	28	1756
9	153	206831655
9	154	1
14	-1	66
9	155	16354945
14	0	5291768
14	1	203615
14	8	92070645
14	9	9101649
13	46	27383
14	16	89
13	48	252582
14	20	14515
14	21	265475
10	151	45501
10	152	172891176
14	28	29088
10	153	180010205
15	-1	4
15	0	1712545
15	4	49
14	37	11186488
15	8	76277893
15	9	101
14	48	15366825
15	20	136983871
15	21	2284023
9	210	55420
9	211	15870
16	-1	107
16	2	3075107
9	220	1051057441
15	37	91476275
13	101	2
16	8	421878425
15	43	42587879
10	210	878
14	99	510
14	101	37046
14	104	2493238
14	106	382614
16	47	1138
16	48	25
15	101	617859
14	152	47931500
14	153	903776
15	151	1589115
15	152	164079008
15	153	12978040
15	154	2956051
20	-1	44
20	0	1403943
20	4	6
20	8	24497
20	20	426
53	8	11
16	151	4315
16	152	69000772
16	153	4478340
21	-1	1520
21	0	58852321
20	33	26
20	37	375
21	8	615595265
21	9	61658456
54	-1	19
20	48	33533
21	20	233798705
21	21	31151004
54	8	183973
15	210	32853
21	28	64429450
15	220	58255660
21	37	214880023
54	28	84259
21	43	2988116
21	48	1
20	99	12
20	101	21
20	104	15
20	106	1434
56	0	52393
56	8	3
24	-1	13
24	0	14714943
21	98	5278
21	101	39795
24	8	1045265727
24	9	255674
56	28	122
21	105	11
57	-1	2876
24	14	25759245
54	98	61548
24	20	70925234
24	21	2872908
57	8	91107085
54	104	2
54	106	727
57	14	63729
56	48	25
57	20	11
57	21	7
24	37	55914461
58	-1	2592
58	0	350638
57	37	800611
58	8	74687592
58	9	4
21	152	305165459
58	14	8726
21	153	107849172
21	154	57502437
57	48	525911
58	20	17946234
54	152	550610
54	154	151
58	37	581334
56	101	1
56	104	2
56	106	75
27	-1	2
24	101	3839586
24	105	5
27	14	28935
27	20	13
57	101	60
21	210	81323
57	104	3497
57	106	250996
21	220	58699124
61	-1	68
61	0	962489
61	1	1
58	101	8
61	8	65171435
24	152	211248833
61	14	461203
24	153	42786996
24	154	14600954
61	21	41900
57	152	32528556
57	153	1404399
61	37	854373
61	48	1197627
27	101	13
58	152	16781879
58	153	567969
24	210	4022230
31	-1	7
31	0	11790797
31	8	332423515
31	9	362450
64	-1	45
31	14	10
64	0	2044
64	1	413738
31	20	99903049
31	21	4875226
61	101	2
64	8	200589514
64	20	25680954
64	21	11084941
31	37	361637
64	28	21694119
