64	37	2958630
0	5	6
33	0	491
33	1	64
33	8	12
61	152	29232981
61	153	328237
1	-1	731
1	0	15170110
1	1	13420
33	20	11
1	8	1587700
63	104	62
1	9	69682084
63	106	5168
1	14	13148
34	0	7
1	16	77602
31	98	13929318
1	20	186905947
1	21	4032444
31	101	31696
31	104	7177971
31	105	2
1	27	1470
31	106	2409483
1	28	151428882
2	-1	42
2	0	296786577
64	98	902625
64	99	4116045
1	37	149753200
2	8	36225644
64	104	24437
2	9	10763558
64	106	732964
2	11	1
1	43	54091668
2	16	375446134
1	48	24395146
2	20	461646102
2	21	83624735
2	27	11838553
68	-1	77
3	-1	1313
3	0	19
68	8	82209197
0	99	2
2	37	71144061
3	8	140975835
3	9	842464
31	152	143082184
2	43	161591676
31	153	13429810
3	14	462323
2	48	135977104
3	20	2499538
3	21	1899
3	28	15782965
4	-1	2
68	37	3071207
3	37	23540
1	101	150845623
4	8	1371963
1	104	11878865
1	105	2
3	43	146779
1	106	782118
37	-1	1301
4	14	1569
37	0	2405492
3	48	5365965
4	20	35
4	21	172
37	8	1415257
37	9	46685
70	-1	1499
4	28	5
37	14	1449751
70	0	48371
5	-1	277
37	16	7677506
5	0	1305469
5	1	23245134
37	20	11431314
37	21	1533878
70	8	57327722
4	37	10605
70	9	3112140
31	210	7
2	101	140818862
5	8	59368110
5	9	51411204
2	104	40744228
37	28	6
70	14	18102592
2	105	11721531
4	43	592137
2	106	3759357
38	-1	3
4	48	161024
70	20	141474990
70	21	9395
5	20	241750801
37	37	1305182
5	21	1243266
38	8	542918
1	151	5224032
5	27	12267
1	152	92761143
5	28	1373805
1	153	30496884
37	48	3419211
70	37	5968062
5	37	11753068
3	101	283
3	104	11053898
3	105	13102
5	43	20142201
3	106	23830519
38	37	134
2	151	45605230
2	152	467326967
2	153	25843935
2	155	133972275
4	101	952
4	104	6561
4	105	1
4	106	4632
37	101	1045467
1	210	535
37	104	1095
68	152	14811566
37	105	29970
68	153	265372
37	106	118786
3	152	58573362
3	153	4388512
8	-1	6
8	0	1113148
70	101	353026
5	99	2
5	101	12816541
8	8	771185
8	9	1976352
5	104	13661109
5	105	1
5	106	485079
8	16	2847667
38	98	246851
8	20	12411931
8	21	27818
2	210	85544
2	211	38
38	104	1
38	106	1221
4	152	735500
8	28	22441
4	153	53606
9	-1	233
9	0	310898812
2	220	108154080
8	37	3537
9	8	23958660
9	9	30281241
37	151	704908
37	152	21594428
37	153	30024287
9	16	173813135
8	48	3211004
9	20	319102366
9	21	91396316
70	152	57802095
70	153	1611131
5	151	46654
5	152	54687742
5	153	105271601
5	154	61491676
10	-1	261
10	0	2440403
10	2	13057585
9	37	133446530
10	8	157857354
10	9	3677544
9	43	285607905
10	14	673888
10	16	40624467
9	48	213780477
10	20	200994379
10	21	3534710
10	37	4198515
37	210	242
8	101	18703
37	211	930
8	104	203388
8	105	11614
8	106	47215
10	47	5682
10	48	79156444
37	220	10327
5	210	88
9	98	36413927
9	101	33826347
9	104	88382237
9	105	1575276
9	106	23712971
8	152	6382453
8	153	152420
13	-1	53
13	2	1171
10	101	22726401
10	104	4851031
10	105	2012078
10	106	2314444
13	14	2903095
13	20	678
9	151	50176881
9	152	741131543
13	28	1184
9	153	204724834
14	-1	69
9	155	15822076
14	0	4382075
14	1	121173
14	2	2
14	8	101121113
14	9	6810522
14	14	1
13	46	28070
14	16	27
13	48	248879
14	20	4690965
14	21	228281
10	151	59615
10	152	179259606
14	28	29193
10	153	190091499
15	-1	7
15	0	1337145
15	4	50
14	37	10411559
15	8	117900417
15	9	153292
14	48	16190127
15	20	134897844
15	21	1835470
9	210	13529
9	211	12982
15	27	3543
16	-1	165
16	2	3166037
9	220	1078657389
15	37	107401091
13	101	3
16	8	401284377
15	43	41637714
13	106	2
10	210	9565
17	-1	10
14	99	1695
14	101	2048
14	104	1515039
14	105	1
14	106	679320
16	47	744
16	48	28
17	28	4963868
15	101	1218179
15	105	1
14	152	46736854
14	153	519509
15	151	1563132
15	152	171779476
15	153	12898323
15	154	4891611
20	-1	30
20	0	1259028
20	4	9
20	8	22647
20	20	297
53	8	9
16	151	3595
16	152	65679078
16	153	4353510
21	-1	99
21	0	12223407
20	33	17
20	37	387
21	8	534238618
21	9	16604872
54	-1	10
20	48	33408
21	20	449369009
21	21	15005257
54	8	435255
15	210	24774
17	152	916305
21	28	30810185
17	153	13
15	220	63109344
21	37	214517312
54	28	259948
21	43	3231523
20	99	13
20	101	4
20	104	25
20	106	2096
56	-1	2
56	0	46696
56	8	10
56	9	4
24	-1	27
24	0	14011979
56	20	6061
21	98	4954
21	101	550953
24	8	1064594109
24	9	1141318
56	28	105
57	-1	2579
24	14	31897546
56	33	33
54	98	63400
24	20	52530363
56	37	1
24	21	13912975
57	8	108870981
54	104	5
54	106	1032
57	14	72565
56	48	30
57	20	33
57	21	11
24	37	64961190
22	106	2
58	-1	2106
57	37	880765
58	8	91027432
21	152	303042817
21	153	91208276
21	154	40424976
57	48	691393
54	152	92946
54	153	1
54	154	101
56	99	13
58	37	617403
56	106	74
27	2	1
24	101	6492228
24	105	4
27	14	31482
27	20	8
57	101	165
21	210	43633
57	104	4183
57	106	460402
21	220	60591035
61	-1	104
61	0	114428
61	8	66931519
24	152	218366177
61	14	205548
24	153	47250590
24	154	2430918
61	20	463938
61	21	66491
57	152	32098337
57	153	1485894
61	37	944669
61	48	1232205
27	101	8
58	152	16816011
58	153	518636
24	210	3121950
31	-1	17
31	0	12004462
31	8	355104048
31	9	420522
64	-1	177
31	14	44
64	1	614614
31	20	113424886
31	21	4234197
64	8	343613911
31	37	343716
64	28	36965712
