64	37	3415954
0	5	4
33	0	824
33	1	153
61	152	64389357
61	153	7485344
1	-1	668
1	0	31057353
1	1	21169
33	20	5
1	8	1678129
63	104	49
1	9	56420137
63	106	2410
1	11	1
63	107	54
1	14	8070953
34	0	28
34	1	3
1	16	1942075
31	98	15205983
1	20	109963681
1	21	4461744
31	101	14105855
31	104	31283765
31	105	29331
1	27	119679
31	106	7312781
1	28	147896981
2	-1	63
2	0	539949578
64	98	443691
64	99	3937141
1	37	134443166
2	8	32067630
64	104	3238006
2	9	6339672
64	106	242057
2	11	1
64	107	4165
1	43	56924952
2	14	2934353
2	16	169981427
2	20	46216638
2	21	43903900
2	27	9517921
68	-1	100
3	-1	4
68	8	70815182
2	37	212914476
3	8	141797128
31	152	414578279
2	43	312675875
31	153	16504701
3	28	15972269
68	37	2361983
3	37	87231
1	101	166416036
4	8	176863
1	104	34607437
1	105	12
3	43	40032136
1	106	642503
37	-1	1200
4	14	525
37	0	3180926
4	20	2830
4	21	36
37	8	391767
37	9	3
70	-1	10
37	14	1354671
5	-1	122
37	16	2870519
5	0	293815
5	1	16381000
37	20	2382216
37	21	1077663
70	8	174171634
4	37	6501
2	101	327877458
5	8	110808563
5	9	4613136
2	104	113752588
2	105	1901651
4	43	222214
2	106	8441740
38	-1	24
38	0	64002
38	2	3430
5	20	51488515
37	37	458167
5	21	50794
38	8	37350
38	9	55130
1	151	7709320
5	27	3292
1	152	93976749
5	28	820220
1	153	26655830
38	20	574805
70	37	4076045
38	21	837
5	37	4612149
3	104	3659489
5	43	8521086
3	106	86902
3	107	82
38	37	191
2	151	41392076
2	152	579297566
2	153	22411323
2	155	168858881
4	101	681
4	104	2038
4	106	291
4	107	10
40	0	4
37	101	4054754
1	210	229
37	104	967
68	152	21292376
37	105	30987
68	153	322716
37	106	37301
3	152	77267956
37	107	766
3	153	4081549
8	-1	19
8	0	81437
40	20	1
5	99	2
5	101	197313
8	8	786595
8	9	5795424
5	104	9021510
5	106	168197
8	16	3826197
38	98	5655
8	20	10052286
38	99	3
8	21	9568
38	101	1
41	8	1
2	210	133
2	211	1
38	104	18
38	106	575
4	152	66465
8	28	14059
38	107	7
4	153	80
9	-1	12154
9	0	419743400
2	220	103786330
8	37	10437
9	8	5792175
9	9	26168207
37	151	910075
37	152	17322326
37	153	22280875
9	14	1
9	16	74538664
9	20	71984038
9	21	45091276
70	152	60604117
70	153	2278160
5	151	47505
5	152	33103877
5	153	38909392
5	154	19452883
10	-1	208
10	0	6895665
10	2	10224852
9	37	170902474
10	8	120436021
10	9	1746005
9	43	296265589
10	14	916783
10	16	42039926
10	20	199331665
10	21	3115160
10	37	3624753
8	101	185643
8	104	354748
8	105	9521
8	106	23929
8	107	709
10	47	571
9	98	31684989
9	101	66720568
9	104	149376522
9	105	1214120
9	106	16841445
9	107	257456
8	152	8971341
8	153	135345
13	-1	73
13	0	3180904
13	2	1009
10	101	79024082
13	8	1
10	104	15437200
10	105	1555829
10	106	809347
10	107	13619
13	14	220689
13	20	1752
9	151	49000722
9	152	663540519
13	28	650
9	153	137862809
14	-1	186
9	155	14329515
14	0	12083082
14	1	220856
14	8	94224479
14	9	25051073
14	11	1
13	46	38562
14	16	2944
14	20	68480
14	21	176244
8	210	10
10	151	99984
10	152	242852801
14	28	324221
10	153	169646116
15	-1	9
15	0	2661835
15	4	50
14	37	48223050
15	8	115503444
15	9	291
15	20	38589055
15	21	10001493
9	210	7
16	-1	100
16	2	3422452
9	220	746842358
15	37	47795864
13	101	10
16	8	287655821
13	105	8525
15	43	35225789
14	99	284
14	101	27859
14	104	6127791
14	105	1
14	106	308713
14	107	12481
16	47	394
15	101	3521229
15	105	1872
15	151	733094
15	152	180452107
15	153	8831027
15	154	6507746
20	-1	41
20	0	1406819
20	4	6
20	8	29017
20	20	684
16	151	2196
16	152	84822209
16	153	8660525
21	-1	5604
21	0	27966319
20	33	33
20	37	2078
21	8	151118765
21	9	10704497
54	-1	9
54	0	572
21	20	691929926
21	21	11153271
54	8	151824
54	9	680
15	211	214901
54	14	1050
15	220	55540545
54	21	36
21	37	199027142
22	8	8
54	28	171169
21	43	21407624
23	1	1
20	99	15
20	101	4
20	104	16
20	106	946
20	107	22
56	0	61386
56	8	6
24	-1	31
24	0	13470984
56	20	170
21	98	5256
21	101	36
24	8	869669567
24	9	430163
56	28	92
21	105	7612
57	-1	2017
24	14	3368176
57	0	486716
54	98	19570
24	20	17969609
56	37	20
24	21	290497
57	8	86040636
54	104	3
54	106	327
57	20	3977
57	21	373661
24	37	33596170
58	-1	1147
57	37	1352689
58	8	32313507
21	151	415738
21	152	606987204
21	153	64979389
21	154	53398907
54	152	136606
54	154	3
58	37	2318805
56	101	1
56	106	17
27	-1	2
27	2	1
24	101	1896902
27	8	1
24	105	2
27	14	28695
27	20	10
57	101	25943
57	104	3200
57	106	76761
57	107	470
21	220	96752794
54	211	650
61	-1	159
61	0	377685
61	1	1
54	220	375
61	8	87257693
24	152	476827417
61	14	61944
24	153	36268172
24	154	4615701
61	20	10433
61	21	625994
61	37	30135942
27	101	11
58	152	9357941
58	153	128513
31	-1	31
31	0	35950687
31	8	516877750
31	9	53394108
64	-1	45
31	14	1
64	0	29168
64	1	253173
31	20	247983175
31	21	16076167
61	101	48323
64	8	260748762
64	9	458
64	20	6773769
31	37	4361662
64	28	24756425
