0	5	7
33	0	448279
33	1	450
33	8	80
1	-1	2
1	0	24876649
1	1	2
33	20	280
66	8	4
1	8	60990567
63	104	122
1	9	4074377
63	106	929
1	14	126110
34	0	1032
1	16	7402847
31	98	4055595
1	20	276131340
1	21	6351412
31	101	598437
31	104	8364860
31	105	2
1	27	10850
31	106	320130546
31	107	390699
33	46	25
2	-1	279
2	0	118951648
34	20	14
1	37	82294404
2	8	33544148
2	9	1276728
1	43	44386676
2	14	6
2	16	40037671
2	20	51891507
2	21	8693271
2	27	3622050
2	28	42
3	-1	10
2	37	29882156
3	8	167240605
31	152	46957917
2	43	42726884
31	153	1366951
31	154	1
33	106	175
3	37	3846
1	101	37502032
4	8	19
1	104	12997747
3	43	7411205
1	106	613919
37	-1	8023
37	0	2107965
37	8	4294883
34	106	1
37	14	619882
5	-1	7
37	16	5875978
5	0	547715
5	1	28058593
37	20	18638826
37	21	474836
2	101	15360911
5	8	697243845
5	9	366529
2	104	62075629
2	105	16776
4	43	161926
2	106	2139341246
38	-1	87
2	107	1262206
38	0	621393
5	16	2875722
38	2	6806
5	20	36810648
37	37	3446651
5	21	241466
1	151	35374113
5	27	675
1	152	43694971
5	28	47868
1	153	16800603
38	20	114359
38	21	458892
3	98	166103794
5	37	203249422
3	104	149566
5	43	49244190
3	106	122496
38	37	1133
2	151	55085408
2	152	295794876
2	153	14710247
4	104	181
4	106	144
40	0	34
37	101	438793
37	104	749
37	105	7
3	151	19
37	106	43949
3	152	50703656
3	153	356744
8	0	1051841
5	101	221055
8	8	2483184
8	9	160605
5	104	13678266
5	106	1072597
8	16	833422
38	98	9283
8	20	8675804
8	21	7890
38	101	1
41	8	1
38	104	20
38	106	596
4	152	160316
4	153	12650
9	-1	14
9	0	230327412
2	220	468539435
8	37	3942
9	8	56140160
9	9	9261624
37	151	633925
37	152	34816604
37	153	35092781
9	16	87575112
9	20	496666593
9	21	38704296
5	151	12146397
5	152	96435318
5	153	37506237
5	154	15336260
10	-1	49
10	0	3367367
10	2	7602122
9	37	140274692
10	8	212048268
10	9	795
9	43	232856639
10	14	902865
10	16	2723201
10	20	255151570
10	21	4051077
10	37	3861140
8	101	11787
8	104	14616
8	105	8
8	106	7538
9	98	38842919
9	101	18746989
9	104	2696302
9	105	278
9	106	4258084
8	152	3855614
8	153	93762
13	-1	894
13	2	817
10	101	38137551
10	104	797423
10	105	30045
10	106	573725
13	14	2073461
13	20	125
9	151	111162785
9	152	594658671
9	153	134678496
14	-1	14
14	1	15280
14	2	2
14	8	53993790
14	9	987943
14	16	3718697
14	20	2085267
14	21	23531
10	151	64579
10	152	214288839
10	153	160637403
15	-1	277
15	0	917613
15	4	77
14	37	20048958
15	8	290030160
15	9	73
15	16	9064
15	20	227797
15	21	743379
15	28	39721184
16	-1	16
16	0	8988
16	2	37557277
9	220	567881107
15	37	43606883
13	101	5
16	8	251706714
15	43	8939070
16	14	4475
16	20	6416898
16	21	118
14	99	3752
14	101	73819
14	104	121350
14	106	103714
15	101	457723
15	105	14425
14	152	25031126
14	153	402760
16	105	7422494
52	-1	8
52	8	36347933
15	151	20849591
15	152	245396339
15	153	25658494
15	154	1430195
20	-1	111
20	0	1390329
20	4	1
52	21	17095
20	8	29621
20	20	228
52	37	37210
16	152	70873413
16	153	2464915
21	-1	8
21	0	8093949
20	33	58
20	37	791
21	8	242533910
21	9	4074957
54	-1	4
21	14	320
21	20	100367635
21	21	3419741
54	8	55467
15	220	113617885
21	37	77367604
22	8	431872
21	43	57588224
52	101	95657
52	104	16432
52	106	23871
20	99	9
22	37	13208
20	101	4
20	104	11
20	106	638
56	-1	11
56	0	109809
56	8	85
24	-1	109
24	0	11470155
56	20	1166
21	98	7662
21	101	1
24	8	113348293
24	9	150519
52	151	213669
52	152	17936442
52	153	421165
57	-1	2768
24	14	362
57	0	110825
54	98	5203
24	20	91592837
56	37	32
24	21	1928022
57	8	38661291
54	104	8
54	106	1
57	20	386
24	37	4130333
22	104	324
22	106	136
57	37	795007
21	151	19946833
21	152	311165348
21	153	35922700
21	154	8585344
26	-1	69
23	101	1
26	8	34885313
54	152	26588
26	14	89385
26	16	23621
26	20	696123
26	21	13847
26	27	9018
56	106	45
27	-1	32
26	37	174811
24	101	60541
26	43	5875271
27	14	41821
27	20	5
57	101	1
57	104	240
57	105	97394
57	106	16522
21	220	189301972
61	-1	60
61	1	2
61	8	80335000
24	152	96941272
24	153	10016691
24	154	1246619
29	-1	262
29	0	1748
26	101	132227
29	8	3515638
26	104	69212
26	105	8
26	106	67006008
26	107	38263
61	37	57449788
29	21	448
30	-1	651
29	37	29
27	101	6
30	8	8707654
26	151	287916
26	152	25403739
26	153	1014797
31	-1	80
31	0	15152331
31	8	83604147
31	9	922214
31	20	9240358
31	21	1309789
29	98	107327
31	37	157207
29	104	107
29	105	24156
29	106	5185
