0	5	6
33	-1	13
33	0	424059
33	1	246
33	8	75
1	-1	1
1	0	41087482
1	1	1
33	20	110
66	8	2
1	8	67506551
63	104	143
1	9	93774224
63	106	12297
1	14	42884
34	0	559
1	16	2999747
31	98	14993225
1	20	177955858
1	21	6231760
31	101	3225532
31	104	6368888
31	105	49276
1	27	10331
31	106	2902785
33	46	18
2	-1	100
2	0	400298579
34	20	4
1	37	92552291
2	8	46564078
2	9	7955325
1	43	43705801
2	14	10907405
2	16	67333596
2	20	81786994
2	21	22248041
2	27	9587980
2	28	8
3	-1	28
0	99	1
2	37	99294206
3	8	270885885
31	152	330162752
2	43	112914576
31	153	12420770
33	104	6
33	106	197
3	37	10946
1	101	126732154
4	8	16
1	104	17190772
1	105	20279
3	43	8121009
1	106	829568
37	-1	9271
37	0	7904087
37	8	4018557
37	9	4
34	106	1
37	14	810096
37	16	6616734
5	0	698500
5	1	26122573
37	20	7997732
37	21	3759324
2	101	81390234
5	8	613506050
5	9	821384
2	104	13649457
2	105	61611
4	43	158933
2	106	5509680
38	-1	82
38	0	856551
5	16	5771745
38	2	7851
5	20	36816953
37	37	3491584
5	21	254747
1	151	30472604
5	27	548
1	152	42833304
5	28	50074
1	153	17925851
38	20	89112
38	21	45718
3	98	238672378
3	99	4
5	37	172957796
3	104	521944
5	43	43565273
3	106	166185
38	37	1420
2	151	119628310
2	152	667440947
2	153	26500327
4	104	232
4	106	145
40	0	68
37	101	431058
37	104	1431
37	105	133
3	151	48
37	106	41999
3	152	83025775
3	153	879976
8	-1	4
8	0	902254
40	20	1
5	101	276427
8	8	4569994
8	9	1218442
5	104	11723489
5	106	1047172
8	16	2080992
38	98	8687
8	20	13594700
8	21	9172
41	8	1
38	104	13
38	106	469
4	152	177521
4	153	14693
9	-1	94
9	0	431267744
2	220	990163716
8	37	8314
9	8	62298314
9	9	13689994
37	151	627743
37	152	33713260
37	153	33446982
9	16	83724382
9	20	263197535
9	21	51927002
5	151	24116203
5	152	83685801
5	153	33355808
5	154	12345300
10	-1	170
10	0	6560850
10	2	7133992
9	37	160167540
10	8	216704392
10	9	7711323
9	43	237178474
10	14	57820559
10	16	48514508
10	20	118362559
10	21	5404951
10	37	4155806
8	101	148553
8	104	59366
8	105	29
8	106	13285
9	98	25959391
9	101	89317513
9	104	5956418
9	105	4462
9	106	5505061
8	151	5
8	152	8178837
8	153	177929
13	-1	2406
13	2	824
10	101	46320693
10	104	1558537
10	105	202844
10	106	528551
13	14	2608977
13	20	142
9	151	118197148
9	152	645381132
9	153	134761673
9	154	1
14	-1	34
14	1	25004
14	2	1
14	8	58588562
14	9	4456171
14	14	12165764
14	16	26156257
14	20	2211
14	21	305486
10	151	79414
10	152	212431362
10	153	148954223
15	-1	89
15	0	3130273
15	4	2095
14	37	26815889
15	8	591401550
15	9	925
15	16	30272
15	20	520677
15	21	2675280
15	28	70117959
16	-1	93
16	0	334174
16	2	28637816
9	220	512071783
15	37	123719771
13	101	8
16	8	211631797
15	43	15649153
16	14	5613
16	20	6918416
16	21	544
14	99	1040
14	101	2167897
14	104	397796
14	105	36357
14	106	126862
16	47	177
15	101	1962066
15	105	25679
14	151	672
14	152	52844347
14	153	430768
16	105	7602176
52	-1	21
52	0	60678
52	8	21337854
15	151	37466876
15	152	491397158
15	153	63197895
15	154	5575602
20	-1	133
20	0	1458724
52	20	5709
20	4	14
52	21	152595
20	8	29907
20	20	81
52	37	93002
16	152	56790271
16	153	2129072
21	-1	25
21	0	8627188
20	33	31
20	37	747
21	8	203577433
21	9	4076806
54	-1	4
21	14	305
21	20	98899664
21	21	3304857
54	8	56699
15	220	212168582
21	37	71818833
22	8	1055363
21	43	51409932
52	101	12134859
52	104	36452
52	106	20390
20	99	12
22	37	47234
20	101	2
20	104	27
20	106	641
56	-1	13
56	0	128413
56	8	104
24	-1	69
24	0	12739877
56	20	1451
21	98	6977
21	101	11167
24	8	311609987
24	9	1904527
52	151	214570
52	152	16438377
52	153	387629
57	-1	3909
24	14	27329
57	0	42537
54	98	4435
24	20	293544423
56	37	31
24	21	3610730
57	8	14248291
57	9	7
54	104	8
54	106	533
57	20	8
24	37	11691875
22	104	1525
22	106	355
58	-1	33
57	37	280146
58	8	757
21	151	17611897
21	152	283895095
21	153	32766669
21	154	7989710
26	-1	7
26	0	715269
26	8	52486216
26	9	1
54	152	24806
58	28	267314
26	14	115824
26	16	41661
26	20	1038078
56	99	1
58	37	1213
26	21	505575
26	27	14782
56	106	55
27	-1	34
26	37	606788
24	101	368822
24	105	11097
26	43	9601941
27	14	33749
27	20	5
57	99	13
57	101	4
57	104	279
57	105	40748
57	106	62434
21	220	165180823
61	-1	109
61	8	68610671
24	152	274378865
24	153	31421054
24	154	3282414
29	-1	257
29	0	2472
26	101	18811101
29	8	2685495
26	104	99858
26	105	13
26	106	167284
29	20	1
61	37	47130814
29	21	187
30	-1	613
29	37	33
27	101	5
30	8	6581881
26	151	513975
26	152	49004065
26	153	1929732
31	-1	94
31	0	30680196
31	8	408138146
31	9	98009879
31	20	322251310
31	21	5030595
29	98	78009
31	37	2850632
29	104	135
29	105	123331
29	106	3733
