day,-1,0,1,2,4,5,8,9,14,16,20,21,27,28,29,32,33,37,43,44,46,47,48,60,61,98,99,101,104,105,106,107,109,151,152,153,154,155,159,220
18,0.4301,83716.6279,1346.1358,105.2261,0.0002,0.0006,136814.9852,26123.4443,1517.3622,7886.8909,126110.4465,13406.3647,250.9436,35555.5355,,,0.0009,59840.4491,51403.814,67892.6294,,0.0543,34550.1266,152844.7989,11763.7156,2704.8243,0.0305,58814.2795,38706.8098,1847.8624,541.1577,1888.2262,0.0084,9017.7921,93610.1366,216176.2625,12577.3042,27163.01,395.2609,100270.0994
19,0.3281,107487.4325,5151.4917,98.1742,0.0007,0.0032,178180.7437,26532.8726,1787.5211,9462.8074,74389.6809,11499.3918,81.2131,40980.9214,,,0.0017,60188.6463,49453.1321,60945.3684,,,35617.4483,130377.498,11502.49,2475.0583,0.063,54299.9779,13532.0799,1108.6043,55.7818,,0.001,8626.8181,93111.9409,205859.787,14506.1261,25886.0052,373.1087,93516.4712
20,0.3974,55211.6112,7580.2276,95.4076,0.0008,0.0069,208815.5397,17542.3113,484.176,17610.292,74261.9441,10064.9129,371.0422,45971.6301,,,0.0038,67558.5561,49281.44,58378.2888,,0.0589,34892.2392,133460.0898,11001.3721,2410.313,15.1691,45053.7421,29077.814,3688.7941,21.8677,,0.0079,7385.8983,92381.6287,189238.1499,15371.7586,25219.3183,383.8769,90631.7625
21,0.8954,97721.2998,3425.6018,94.3945,0.0018,0.0075,227919.157,9794.2984,13956.5236,13074.4442,72537.9219,18512.4224,139.1742,52350.8226,,,0.0014,71043.4581,50193.8136,57992.5368,,0.0059,35829.9795,184584.1275,7269.8602,2365.6613,934.3477,74828.1167,24456.3342,1532.98,407.8674,2086.3053,0.0018,7696.9246,90639.96,168669.1678,15939.5336,25716.3199,440.8777,57343.0251
22,10.4862,62359.126,2541.2621,95.3271,0.0018,0.009,166286.1235,25465.6282,16706.9163,36614.4598,188022.2601,29285.6239,371.9941,47485.1742,,,0.0019,72772.1599,51159.8402,57601.0062,,,36837.4197,211828.847,,2331.8568,2562.6308,67158.1504,72290.504,5715.2218,238.9513,1076.8294,0.0277,9175.0976,83690.415,141409.4505,16024.9806,25440.7487,547.4434,
23,2.1866,78521.4938,2663.1215,85.0908,0.0025,0.0033,163888.7644,36953.9223,3644.8647,34500.7634,258109.5042,23097.9819,447.0895,53285.8803,0.0001,0.0208,0.0014,79783.1515,49691.5384,58037.5522,,,35736.9474,244208.6788,,2587.5022,2917.8962,61916.6892,32830.9709,5771.6613,389.9385,1689.0438,0.1135,9683.7865,65560.2464,99933.8192,16545.05,26526.5911,537.8885,
24,0.0993,61727.4965,3260.9127,104.4759,0.0019,0.0046,304052.1118,28319.1796,132.4348,25668.6621,180237.5708,27154.4288,361.0923,50257.5589,,,0.0026,79110.9166,48780.3724,63534.9773,,0.0231,31777.3463,243157.5366,,4196.0483,3086.7466,60281.1961,58103.476,3678.0556,1094.3658,4226.5736,,8534.269,58732.0501,96092.3728,15508.4513,28595.8805,1855.3282,
25,0.1981,49451.7788,3448.3304,108.3218,0.0001,0.0085,316332.6944,10880.5685,1251.3559,23593.1103,197473.1099,39828.9546,438.5987,54611.4145,0.0001,,0.0008,79080.4733,46720.8703,61999.4022,,0.0112,31059.9511,242288.2239,,3863.4317,3216.5978,60871.8327,39767.16,4428.6949,894.7597,3094.3822,0.0003,8098.6538,57297.4606,97338.7352,17632.2119,27309.8016,6706.953,
26,0.1475,64146.444,3528.3,89.5814,0.0032,0.0091,279326.5124,11907.9743,10517.959,30562.9013,232749.722,29251.7823,444.2685,53012.2727,,,0.0012,80541.7779,86913.9557,56010.7866,,0.0064,35177.4838,197676.0255,,3536.5232,451.318,56621.8029,46699.1913,3154.37,67.0916,1.6324,0.034,10059.7794,63299.0385,88552.1474,16819.3616,25194.4855,5346.1049,
27,111.7898,61394.6608,3402.3603,88.4595,0.5584,0.0072,360612.779,12004.2503,566.2988,46286.171,208929.3997,20663.5222,986.8574,52194.333,,,0.0023,78972.9048,122088.1695,56813.1587,0.0002,0.0012,35337.7198,218210.7919,,4628.7122,0.2198,35823.2386,38542.6348,1419.5656,355.1839,111.8306,0.0971,12064.024,65634.0054,91224.4737,14743.0146,26691.384,1096.9882,
28,44.8703,114949.0866,2464.5715,92.0073,0.2451,0.0088,382039.2885,12227.4854,300.3299,24061.197,129323.8777,28649.1522,238.7248,53224.7261,,,0.0003,80313.9943,122255.6387,55592.6861,,0.0137,34070.2143,151841.7251,3992.0841,3564.3183,0.1669,94802.0883,30059.794,554.003,1204.0424,24.5768,0.0751,11543.648,65825.2272,90972.5849,15382.703,24786.5951,1379.1407,
29,0.0592,43119.6419,1243.0737,41.237,0.0166,0.0047,178005.5689,16916.3868,21456.717,20665.8306,55768.8465,7915.4427,356.1792,28971.5502,,,0.0009,47488.7485,62519.1704,30438.9446,,,19845.7148,81751.7087,8599.3399,1171.4878,0.3363,68490.1111,11803.873,213.5968,10.765,,0.0014,6470.8423,38482.7439,53216.0086,9403.0275,13953.3612,274.2639,
