,vendor,err,pv,2
0,64,37,1687849,argumentor
1,1,37,127123691,argumentor
2,2,37,211030327,argumentor
3,68,37,2812302,argumentor
4,3,37,75582,argumentor
5,4,37,3593,argumentor
6,37,37,429485,argumentor
7,70,37,3740606,argumentor
8,5,37,4785648,argumentor
9,38,37,286,argumentor
10,8,37,12980,argumentor
11,9,37,169609487,argumentor
12,10,37,4936225,argumentor
13,14,37,58911807,argumentor
14,15,37,57999324,argumentor
15,20,37,1845,argumentor
16,21,37,199222464,argumentor
17,24,37,35089288,argumentor
18,57,37,2294748,argumentor
19,58,37,2984959,argumentor
20,61,37,35784988,argumentor
21,31,37,4615251,argumentor
22,0,5,11,broker
23,33,1,43,broker
24,1,1,18030,broker
25,34,1,1,broker
26,5,1,15699357,broker
27,14,1,220379,broker
28,64,1,216353,broker
29,33,8,2,searcher
30,1,8,1452250,searcher
31,2,8,31660106,searcher
32,68,8,86206509,searcher
33,3,8,130048997,searcher
34,4,8,126412,searcher
35,37,8,453640,searcher
36,70,8,165383849,searcher
37,5,8,101083623,searcher
38,38,8,213937,searcher
39,8,8,810921,searcher
40,9,8,10901167,searcher
41,10,8,146652658,searcher
42,13,8,1,searcher
43,14,8,99323985,searcher
44,15,8,118518688,searcher
45,16,8,229650478,searcher
46,20,8,27124,searcher
47,21,8,282841666,searcher
48,54,8,210392,searcher
49,24,8,900131016,searcher
50,57,8,95166645,searcher
51,58,8,37158485,searcher
52,61,8,97707571,searcher
53,31,8,480033648,searcher
54,64,8,227202813,searcher
55,61,152,88407772,argumentor
56,31,152,398045626,argumentor
57,1,152,94021328,argumentor
58,2,152,600266591,argumentor
59,68,152,25063883,argumentor
60,3,152,76101457,argumentor
61,4,152,45817,argumentor
62,37,152,19239051,argumentor
63,70,152,63096405,argumentor
64,5,152,33024341,argumentor
65,8,152,9358313,argumentor
66,9,152,715732213,argumentor
67,10,152,253617184,argumentor
68,15,152,195392014,argumentor
69,16,152,68628298,argumentor
70,21,152,615583250,argumentor
71,54,152,574016,argumentor
72,24,152,500083547,argumentor
73,58,152,11283919,argumentor
74,61,153,2735253,argumentor
75,31,153,17989299,argumentor
76,1,153,25985110,argumentor
77,2,153,21152100,argumentor
78,68,153,299893,argumentor
79,3,153,3682343,argumentor
80,4,153,63,argumentor
81,37,153,20635783,argumentor
82,70,153,2101986,argumentor
83,5,153,40311322,argumentor
84,8,153,144669,argumentor
85,9,153,147855114,argumentor
86,10,153,154668438,argumentor
87,15,153,11258309,argumentor
88,16,153,6040144,argumentor
89,21,153,54926916,argumentor
90,24,153,32597438,argumentor
91,58,153,121450,argumentor
92,1,-1,960,broker
93,2,-1,4803,broker
94,68,-1,203,broker
95,3,-1,4,broker
96,37,-1,1435,broker
97,70,-1,2,broker
98,5,-1,278,broker
99,38,-1,30,broker
100,8,-1,39,broker
101,9,-1,30843,broker
102,10,-1,574,broker
103,13,-1,84,broker
104,14,-1,346,broker
105,15,-1,848,broker
106,16,-1,174,broker
107,20,-1,33,broker
108,21,-1,14424,broker
109,54,-1,46,broker
110,24,-1,2237,broker
111,57,-1,2416,broker
112,58,-1,1053,broker
113,61,-1,358,broker
114,31,-1,3684,broker
115,64,-1,150,broker
116,33,20,4,searcher
117,1,20,89694116,searcher
118,2,20,96792326,searcher
119,4,20,1792,searcher
120,37,20,3419027,searcher
121,5,20,11626803,searcher
122,38,20,448441,searcher
123,8,20,11056722,searcher
124,9,20,95348366,searcher
125,10,20,198280221,searcher
126,13,20,1097,searcher
127,14,20,502883,searcher
128,15,20,53771419,searcher
129,20,20,439,searcher
130,21,20,592465160,searcher
131,54,20,435176,searcher
132,24,20,19519471,searcher
133,27,20,5,searcher
134,31,20,219707007,searcher
135,63,104,41,all
136,31,104,35273478,all
137,64,104,2270537,all
138,1,104,34837633,all
139,2,104,127411936,all
140,3,104,6790021,all
141,4,104,4063,all
142,37,104,91541,all
143,5,104,9961795,all
144,38,104,30,all
145,8,104,855267,all
146,9,104,149452012,all
147,10,104,20179703,all
148,14,104,10488431,all
149,20,104,20,all
150,54,104,29,all
151,57,104,612180,all
152,1,9,61448494,yielder
153,2,9,3385027,yielder
154,37,9,6357,yielder
155,5,9,19606762,yielder
156,38,9,53946,yielder
157,8,9,4347526,yielder
158,9,9,31246308,yielder
159,10,9,553329,yielder
160,13,9,59,yielder
161,14,9,24008079,yielder
162,15,9,69,yielder
163,21,9,7589404,yielder
164,54,9,111961,yielder
165,24,9,718283,yielder
166,61,9,90799,yielder
167,31,9,47008690,yielder
168,63,106,2031,before broker
169,31,106,5887748,before broker
170,64,106,208459,before broker
171,1,106,1317226,before broker
172,2,106,6904750,before broker
173,3,106,365672,before broker
174,4,106,311,before broker
175,37,106,33623,before broker
176,5,106,345316,before broker
177,38,106,621,before broker
178,8,106,23254,before broker
179,9,106,16374271,before broker
180,10,106,726769,before broker
181,13,106,1,before broker
182,14,106,365969,before broker
183,20,106,808,before broker
184,54,106,1072,before broker
185,57,106,87274,before broker
186,63,107,10,before broker
187,64,107,860,before broker
188,3,107,23,before broker
189,37,107,152,before broker
190,38,107,3,before broker
191,8,107,125,before broker
192,9,107,27146,before broker
193,10,107,2303,before broker
194,14,107,5086,before broker
195,20,107,3,before broker
196,57,107,79,before broker
197,1,14,15078438,searcher
198,2,14,594073,searcher
199,4,14,299,searcher
200,37,14,1562604,searcher
201,10,14,7568146,searcher
202,13,14,1880710,searcher
203,54,14,27258,searcher
204,24,14,846486,searcher
205,27,14,22694,searcher
206,31,14,1,searcher
207,1,16,1730632,searcher
208,2,16,199862589,searcher
209,37,16,4013264,searcher
210,8,16,4196026,searcher
211,9,16,109818689,searcher
212,10,16,35422723,searcher
213,14,16,2370,searcher
214,31,98,15539845,broker
215,64,98,397018,broker
216,38,98,6693,broker
217,9,98,33121640,broker
218,21,98,5428,broker
219,54,98,172717,broker
220,1,21,3636738,searcher
221,2,21,49293521,searcher
222,4,21,18,searcher
223,37,21,909792,searcher
224,5,21,28320,searcher
225,8,21,8308,searcher
226,9,21,46164793,searcher
227,10,21,2213726,searcher
228,14,21,140850,searcher
229,15,21,14260130,searcher
230,21,21,7578611,searcher
231,24,21,177557,searcher
232,31,21,12677346,searcher
233,31,101,47049900,robot
234,1,101,167765347,robot
235,2,101,325022247,robot
236,4,101,432,robot
237,37,101,2924932,robot
238,5,101,18134664,robot
239,38,101,1,robot
240,8,101,379960,robot
241,9,101,72924657,robot
242,10,101,78089303,robot
243,13,101,15,robot
244,14,101,267238,robot
245,15,101,3408208,robot
246,20,101,6,robot
247,21,101,43457,robot
248,24,101,2807283,robot
249,27,101,4,robot
250,31,105,732,searcher
251,1,105,426477,searcher
252,2,105,2034364,searcher
253,37,105,29304,searcher
254,5,105,21,searcher
255,8,105,54614,searcher
256,9,105,1202008,searcher
257,10,105,775721,searcher
258,13,105,3063,searcher
259,14,105,610,searcher
260,15,105,1,searcher
261,21,105,19630462,searcher
262,24,105,22954,searcher
263,1,28,134966787,router
264,3,28,14835673,router
265,4,28,3,router
266,5,28,905813,router
267,8,28,12728,router
268,13,28,608,router
269,14,28,872397,router
270,54,28,534749,router
271,64,28,19291583,router
272,64,99,3397381,broker
273,5,99,1,broker
274,38,99,4,broker
275,14,99,1118,broker
276,20,99,12,broker
277,2,11,1,robot
278,5,11,1,robot
279,24,11,1,robot
280,1,43,59599817,argumentor
281,2,43,320511264,argumentor
282,3,43,39707888,argumentor
283,4,43,291858,argumentor
284,5,43,8643922,argumentor
285,9,43,306860969,argumentor
286,15,43,38729861,argumentor
287,21,43,21649177,argumentor
288,38,2,4148,broker
289,10,2,13901616,broker
290,13,2,876,broker
291,16,2,3727647,broker
292,1,151,7680404,argumentor
293,2,151,42268435,argumentor
294,37,151,622965,argumentor
295,5,151,47403,argumentor
296,9,151,47925878,argumentor
297,10,151,110787,argumentor
298,15,151,754398,argumentor
299,16,151,2534,argumentor
300,21,151,520663,argumentor
301,2,155,160799051,argumentor
302,9,155,14101932,argumentor
303,2,210,121,searcher
304,8,210,1,searcher
305,9,210,14,searcher
306,2,220,108409547,argumentor/searcher
307,5,220,8311644,argumentor/searcher
308,9,220,813585610,argumentor/searcher
309,15,220,57806422,argumentor/searcher
310,21,220,98145428,argumentor/searcher
311,5,154,17672274,argumentor
312,9,154,4,argumentor
313,15,154,7301388,argumentor
314,21,154,56525540,argumentor
315,54,154,10,argumentor
316,24,154,3673703,argumentor
317,10,47,2698,router
318,16,47,97,router
319,5,211,2290901,searcher
320,9,211,2,searcher
321,15,211,245709,searcher
322,13,46,35387,argumentor
323,15,4,49,broker
324,20,4,2,broker
325,61,4,126,broker
326,20,33,13,broker
