1	0	7237042
1	5	375
1	7	18515397
1	8	2745897
1	9	19848312
1	10	11698204
1	14	2
1	15	8526139
1	16	7177038
1	18	4027269
1	19	1370700
1	20	154440
1	21	3796656
1	22	13828716
1	25	6467
1	26	14544742
1	28	95
1	29	6483644
1	30	49075
2	0	50041023
1	33	36301302
1	35	66842
2	5	42
2	7	406406998
2	8	15134473
2	9	9353894
2	10	9627785
2	13	81
2	14	79
2	15	4702342
2	16	4464229
2	18	53403
2	19	21806552
2	20	6164658
2	21	2340663
2	22	5740918
2	25	1336236
2	26	26231435
68	0	6387653
2	29	203939350
2	30	4068363
3	0	93150
2	33	28983335
68	5	35
2	35	168383
68	7	11943456
3	5	2
68	8	36194
3	7	51950025
3	8	3335702
3	9	2779872
3	10	10384
68	15	369744
68	16	524659
3	15	426200
68	18	16371
3	16	567454
68	19	7758690
68	20	3935955
3	18	1149
3	19	3370836
68	22	221255
3	20	2037701
3	21	94384
3	22	214747
68	26	4883472
3	25	7191
3	26	5120055
68	29	10854335
68	30	23458
3	29	26842221
3	30	476790
68	33	7421660
4	0	2190
68	35	5300616
3	33	3874741
3	35	58918
4	7	16535
4	8	198
4	9	357
37	0	642653
4	18	27
4	19	1531
37	5	21
4	20	519
37	7	17154015
4	22	551
37	8	37719131
37	9	37643682
37	10	37633057
4	26	126
37	14	6
70	0	80732
4	29	8588
37	15	37632728
4	30	125
37	16	37632726
5	0	27698267
37	18	6532
4	33	6265
37	19	3030135
70	5	9
37	20	2059034
4	35	1664
37	21	37748469
70	7	67875614
5	5	229
37	22	752444
70	8	2842670
70	9	2321928
5	7	12645893
70	10	7
5	8	2167373
37	25	825
5	9	88042044
37	26	37662381
5	10	37812106
5	11	2276
37	28	37632726
5	12	4160680
37	29	10723065
70	15	1036366
37	30	514345
70	16	1164627
5	15	15582814
70	18	526
5	16	15702317
37	33	2797779
70	19	7472562
70	20	4589857
5	18	2173320
37	35	59810
70	21	1308
5	19	845752
70	22	142940
5	20	100611
5	21	703071
5	22	6887187
70	25	6717
70	26	2301727
5	25	6266
5	26	47709395
70	29	24797812
70	30	53440
5	28	516
5	29	8106144
5	30	33775
70	33	3293321
70	35	58025
5	33	22196872
5	35	85925
8	0	90542
8	5	1
8	7	3171682
8	8	210998
8	9	190168
8	10	7123
8	15	1449
8	16	2574
8	18	3161
8	19	186709
8	20	67948
8	21	10725
8	22	86079
8	25	52
8	26	156063
8	28	3384
8	29	1449966
8	30	13505
9	0	72410894
8	33	796186
8	35	38541
9	5	47
9	7	497329969
9	8	27978678
9	9	38338724
9	10	36858604
9	13	32
9	14	111
9	15	17810192
9	16	13780348
9	18	237353
9	19	25766988
9	20	12151056
9	21	8110072
9	22	22122554
9	25	7040
9	26	28621409
9	28	175262897
9	29	230985324
9	30	6791478
10	0	1500046
9	33	61097306
9	35	1570975
10	5	579
10	7	195172868
10	8	10886983
10	9	4773855
10	10	35764
10	15	419980
10	16	291778
10	18	83882
10	19	27827604
10	20	10903806
10	21	6084
10	22	1641189
10	25	5182
10	26	16893154
10	28	222472251
10	29	137722613
10	30	20780915
10	33	18020617
10	35	1016901
15	0	2648656
15	5	1
15	7	85932928
15	8	2997396
15	9	162375
15	10	1605116
15	11	376
15	12	4771856
15	15	102893322
15	16	89635709
15	18	96677
15	19	111473553
15	20	24889611
15	21	729638
15	22	703292
15	25	1803
15	26	13448704
15	28	65056
15	29	75646852
15	30	2529114
16	0	649340
15	33	7661321
15	35	101056
16	5	18
16	7	62389992
16	8	6314611
16	9	2202021
16	15	1052695
16	16	1233825
16	18	908
16	19	19508930
16	20	13090742
16	21	2866
16	22	395457
16	25	8491
16	26	1846608
16	28	8151969
16	29	63987884
16	30	565238
16	33	5159445
16	35	568951
21	0	23638928
21	5	42
21	7	321811068
21	8	114353311
21	9	45887594
21	10	1174978
21	11	8982843
21	12	37856751
21	13	401
21	14	1145
54	0	1286
21	15	35276739
21	16	44315127
21	18	93015
21	19	102679895
21	20	48382724
21	21	298545
54	7	95199
21	22	1850527
54	10	1
21	25	39130
21	26	71985244
54	12	14794
21	28	8446583
21	29	419840291
21	30	2673302
54	18	97
21	33	58098049
54	19	25741
54	20	6163
21	35	684119
54	22	1218
54	26	1
54	29	148130
54	30	518
54	33	14662
54	35	671
24	0	2064164
24	5	70
24	7	233829264
24	9	1
24	10	704
24	11	519645
24	12	4883880
57	0	417274
24	15	12585591
24	16	11841311
24	18	204369
24	19	52718978
57	5	1
24	20	10089384
57	7	28350993
24	22	1165721
57	8	714664
57	9	1137397
57	10	366
24	25	759746
24	26	51444833
24	28	749
24	29	352747164
24	30	923928
57	18	15722
24	33	21995321
57	19	8361041
57	20	5580604
24	35	812060
57	21	2
57	22	1005031
57	25	31
57	26	98329
57	28	819
57	29	18095309
57	30	858075
58	0	326426
57	33	1820530
57	35	58647
58	7	11940781
58	8	573755
58	9	69578
58	10	709
58	15	374
58	18	13062
58	19	2338890
58	20	1263724
58	22	111807
58	25	39
58	26	80686
58	28	1441
58	29	7687102
58	30	29687
58	33	1048086
58	35	36061
61	0	879660
61	5	8
61	7	62387475
61	8	949545
61	9	187370
61	10	1773
61	15	694306
61	16	558524
61	18	25121
61	19	7676032
61	20	5220783
61	21	520764
61	22	2392966
61	25	133
61	26	8287010
61	28	7704088
61	29	45917611
61	30	474090
61	33	8535748
61	35	485339
31	0	694778
31	5	5
31	7	138997415
31	8	658344
31	9	753104
31	10	296979
31	14	14
31	15	7567064
31	16	9211604
31	18	148427
31	19	8164072
31	20	3315395
31	22	593113
31	25	637163
31	26	61091966
31	28	121438
31	29	71780309
31	30	1427382
31	33	12146193
31	35	195716
