20	204	61937845
20	205	89228128
20	206	170475244
21	204	165720484
21	205	106786839
21	206	169324221
10	204	17708915
10	205	67402747
10	206	226031528
22	204	153390374
22	205	112200541
22	206	133036991
11	204	14180209
11	205	57371731
11	206	169646969
23	204	117096412
23	205	95302656
23	206	454630
00	204	376509
00	205	27194421
00	206	69717765
12	204	8994356
12	205	59023348
12	206	191234504
01	204	297744
01	205	9168919
01	206	43622880
13	204	11383900
13	205	62965470
13	206	190328294
02	204	179064
02	205	7104835
02	206	11241995
14	204	15879682
14	205	72674684
14	206	205443232
03	204	128967
03	205	5755391
03	206	4639139
15	204	16665537
15	205	84926861
15	206	194697020
04	204	117755
04	205	4912029
04	206	2146551
16	204	36836035
16	205	89630135
16	206	226732733
05	204	314678
05	205	5464144
05	206	3922083
17	204	30366336
17	205	80713531
17	206	175251161
06	204	1167244
06	205	16802675
06	206	13797480
18	204	43110922
18	205	72130532
18	206	162886305
07	204	2203289
07	205	32532857
07	206	56096535
19	204	42229125
19	205	79798653
19	206	162075555
08	204	5176469
08	205	62231671
08	206	134291320
09	204	13920068
09	205	64447688
09	206	204425590
